1.438313
-0.999370
-0.547498
-0.400946
-0.535098
2.519600
-1.456077
9.113398
2.842300
-0.668900
-0.051294
-25.730054
-0.183696
-0.474945
5.447476
-0.239745
-1.306652
0.817811
1.456748
1.542013
0.549985
0.963025
0.370898
3.238085
-1.329418
-1.226232
-6.007879
-7.847851
1.218026
1.050981
-0.649920
1.614353
-1.069102
-1.255797
1.770858
-0.755807
-0.145697
-0.116464
-0.859102
-0.512114
-0.654880
-0.444119
4.047392
0.990792
-0.584981
1.715071
-0.135399
1.267020
-0.100638
0.019341
-1.564146
-0.291578
-0.421268
-0.384337
-2.343797
-1.823820
1.338067
-1.418317
-0.695579
0.199846
0.199821
-0.022885
1.758570
-3.968698
-0.279033
1.402971
-0.034242
-1.968903
0.950230
-0.075916
-4.530170
0.675869
-0.753605
0.886568
-0.247675
1.106715
1.451171
0.732604
-0.349306
-1.276581
0.012541
-1.017716
4.606293
-1.127969
0.587599
1.344978
-2.128494
0.227134
0.484826
-0.007287
0.656908
-1.608770
0.849736
-14.802152
0.745977
3.099354
-0.159538
0.581686
-0.862875
0.216585
-0.518951
0.961516
0.280519
2.121872
-2.681303
0.496999
3.407116
-1.316267
-0.310451
1.287289
0.926137
-1.135449
0.162095
1.641462
-0.326117
0.510373
0.375795
0.633785
-5.963463
0.114594
-0.121001
1.506678
-0.074759
-0.706546
1.222135
1.416841
-0.848581
0.042341
-0.640207
0.509593
0.909562
-0.199302
-0.303075
-2.786643
-0.038723
0.517528
-0.052130
2.078151
-0.203959
-0.280805
-0.434913
-2.174288
-0.088395
3.535760
-1.688434
0.531425
-1.024472
-0.721992
1.064011
-1.429943
0.724209
-3.456829
-0.227280
-1.589298
1.317422
1.268562
2.062303
-0.747260
-0.624361
5.226737
0.948329
-0.266271
0.262421
0.525637
6.988307
2.088600
-0.384409
-1.359285
1.132863
0.538280
-0.654651
-0.723584
-0.090511
-0.111338
-1.646881
-0.196760
0.811357
-0.975951
2.972177
-0.698027
0.557619
8.140087
-0.997133
0.935090
0.906635
-0.401011
0.262822
2.198537
-0.774189
-0.928633
0.875789
1.462412
1.130568
-5.855836
-0.217674
-0.065153
-1.403847
-1.267134
-0.541437
-0.977544
-0.776685
-0.520680
0.830969
0.369339
-0.349502
0.562606
0.681295
-0.964921
-0.905631
-1.713813
-1.740033
-2.868257
-1.647115
3.389702
1.319684
-1.564499
-9.831888
-1.288784
-1.205342
-0.199888
1.508635
-0.505132
-1.898735
-5.471244
-0.667459
0.493166
-0.345752
1.768994
-2.127970
0.447841
-3.691875
0.470681
0.531844
-0.270104
1.300373
-0.854378
0.173136
0.213491
-0.767627
-5.446423
-0.680187
1.023043
-0.796545
1.006654
0.943932
-0.923596
-0.280850
2.110177
-1.664510
-0.249985
0.430906
-1.721367
-6.495819
-5.705643
1.485171
1.445957
-2.546431
-1.021052
1.890666
0.876175
3.022952
0.267689
-1.819362
0.435492
-0.091259
0.673769
-0.571949
-1.101984
-1.193154
2.014106
-1.683756
1.360591
1.936722
-4.894627
1.443036
-5.052024
0.085343
-1.979556
-1.646504
-0.637625
-1.099984
-1.766941
-1.879035
1.446154
0.491103
0.252927
1.882767
1.892978
-0.552773
-2.229252
-0.898171
-1.956998
1.527447
-0.714939
1.662500
1.907979
-2.308639
0.155228
0.552106
-4.360245
-1.033728
2.158479
0.794094
5.009030
-0.277681
0.841312
-1.210489
-1.913278
2.357159
0.878880
-0.560317
-1.187266
-0.718557
0.426630
-3.463409
-0.133097
-3.443597
1.143560
1.151687
4.748290
-1.717168
0.074235
6.127929
-0.972675
0.576151
-0.207752
-0.586525
0.089220
2.321597
0.233774
-0.496839
4.966477
-5.216613
0.541627
0.044447
2.375207
2.591765
-0.871687
-1.186566
-6.452071
-1.245542
0.674342
-0.819456
-1.630781
0.583513
-1.599009
-3.070027
0.949121
-2.673379
0.145250
-1.809988
0.623532
1.083823
-0.138894
1.087863
1.373419
-0.636820
0.007040
1.336254
2.120733
-1.108282
-1.733403
1.476898
1.134766
2.353617
-3.361162
-2.443039
-1.068318
-0.787987
0.607202
-0.097143
-1.409409
0.698886
-0.591661
-1.755270
-0.087862
0.498337
-0.000515
-0.166864
1.162819
0.724541
-2.803753
2.113762
1.037540
-0.372972
0.150661
0.417571
0.642745
-1.156262
-0.979163
-0.884419
0.575621
-1.378815
-1.075520
0.681740
-0.023936
-0.268624
-0.332971
-1.150269
0.452569
-13.118974
0.870715
1.993208
-0.896080
0.718085
-3.851324
2.090141
0.268632
-1.131810
1.534212
1.456589
-1.707457
1.835160
-1.539519
-0.857458
0.412454
1.511495
1.375564
-2.869598
-1.364086
0.112906
-0.944210
-1.090965
0.040483
0.165317
-0.933145
0.248383
-1.499366
-1.754354
1.694666
-0.369113
0.110075
1.501735
-0.000011
-0.345327
0.037853
-1.369598
-1.243814
-0.496118
-1.637248
0.640363
1.573557
-2.985191
1.026581
-0.410038
1.389542
-0.360636
0.016862
-0.673694
-0.556954
1.882843
1.721184
0.012640
-3.136680
-4.030564
-1.237572
-0.934642
-1.202371
1.013260
-0.408058
-1.083243
0.863048
-22.874336
-1.647332
0.574386
-0.430320
-2.229319
-0.591457
-1.876891
-1.234519
7.292981
-1.297234
0.714839
0.321713
1.120112
-0.546404
2.545201
0.629057
-1.429653
-0.853103
-1.344951
-0.484856
2.583789
0.241989
0.373606
11.493125
-0.830183
-1.031138
5.682358
-0.260488
2.451101
1.428433
1.612380
-0.822060
0.800427
2.054480
0.285819
1.154438
2.863363
0.409781
2.716540
-2.009271
0.102101
-0.058244
1.432755
-0.914735
3.633873
2.638369
-0.740347
-2.211397
1.237043
0.497039
0.483488
-1.453855
0.413046
0.521143
0.713288
1.884388
0.120974
0.540436
0.371723
0.172284
0.337117
-3.014527
-0.077784
-1.467718
0.592157
-0.850468
0.536870
0.274598
1.488002
0.755906
-0.416413
0.638603
-1.434923
-0.495094
1.006243
-1.397416
-11.123723
-0.282079
0.714694
-0.219423
3.134488
-0.527185
-12.801514
-2.360171
10.637488
-0.192404
1.288805
0.630246
2.139229
3.220101
0.349031
0.488149
6.098511
-2.243708
-0.524928
0.502641
0.640978
0.692067
-1.457676
-0.014420
1.884730
-0.965823
1.840692
-0.710156
1.426085
0.261015
0.466538
0.642417
0.775722
-0.609611
-1.811172
-1.556669
1.314187
-0.059014
-1.898942
-1.539777
3.321039
-1.785405
0.842262
-1.023021
0.962521
-0.428082
0.545603
-0.095777
-2.138111
1.061776
0.034568
4.795459
-1.642367
-1.026188
2.018917
0.091652
-1.661607
0.726819
-0.650798
7.350770
0.226772
1.353611
0.245697
0.508106
2.584535
1.226351
-0.368137
-0.980056
-0.103947
0.124229
2.080434
3.542415
-1.458572
-4.580751
-0.770854
4.981829
-0.776935
-1.868770
-1.002612
-0.324433
-2.541875
1.827708
-0.590294
-3.353512
1.146325
0.811494
0.910111
-0.299519
0.809291
-3.099177
1.424134
0.205294
1.309191
-0.092436
0.073582
0.358205
2.360531
0.541836
0.578245
-1.740501
1.352880
-0.917910
17.015485
0.908636
-1.095907
0.820506
-7.213076
1.812088
0.833009
0.356497
-2.532563
0.906467
-1.703219
-1.863988
0.433338
1.021448
0.466944
-1.889066
1.206921
-1.183697
-4.726280
-0.326922
-0.226430
-0.460467
-0.167557
2.658284
0.899865
0.054376
-1.364639
-0.791572
2.968942
1.127242
-1.076997
-1.847987
1.795601
1.002481
0.097195
-3.671314
-1.561958
2.386233
0.875694
-0.256914
1.362220
2.408209
0.105772
0.609273
-2.830941
-0.565158
-1.530105
-0.742361
-0.222251
1.166201
-1.008999
1.390806
-2.708896
0.374438
0.143767
-2.218803
0.513395
-0.668644
0.142576
0.134923
0.263660
-0.039602
-0.219640
4.276168
-5.609860
0.065644
0.799017
1.454161
0.197848
0.159873
-2.569371
0.439715
-1.035979
-0.753367
0.756577
1.264087
-0.752282
-1.397515
-1.015879
0.672123
2.931285
-0.050241
0.398205
-4.915963
-41.044317
-0.996089
0.765825
2.503091
0.696886
0.229934
0.636695
-1.059310
0.915638
0.141869
-0.446840
-1.832321
-1.011690
6.680724
0.126546
11.757401
-0.650782
-0.928751
-1.401335
-1.639986
1.697950
-0.191150
1.111783
-0.339737
1.373926
1.074256
5.809666
6.025713
-0.000259
-0.209278
1.134904
2.782327
-0.450489
1.391817
-0.989507
0.905261
-0.788930
1.801438
-1.263673
2.344302
-2.451424
1.050926
-2.968437
-1.224319
0.223284
-1.318337
0.757849
3.902479
-1.960553
-1.998920
0.203751
0.293798
0.649512
1.212015
2.564401
1.787517
2.128077
-1.730566
-1.667753
-0.367634
-0.509294
2.635676
-0.578380
0.889302
0.931627
2.333598
1.227835
0.846265
0.907011
0.685884
3.069546
0.236257
-37.578981
0.682060
-0.635011
-0.138182
-1.698957
2.142791
2.082126
-0.404292
0.929941
0.385380
1.032661
0.335999
1.045782
1.294195
1.739980
3.486727
0.507819
1.590112
-1.686135
16.075643
-0.477022
-0.955435
-0.689503
3.347205
0.370765
-0.368322
-0.181515
0.651424
-0.221660
1.549510
1.877834
1.569870
1.383129
1.838077
-4.033885
-0.068289
-0.174767
2.232357
-2.243670
0.554573
-0.504891
-0.797370
-0.412021
0.389409
-1.066262
-0.147507
3.897040
0.784120
-0.522909
-0.055688
1.870575
-0.050163
1.057073
1.256071
-0.966382
2.078254
-1.100245
1.975561
-0.161072
-0.385479
-1.680153
0.930780
-0.580171
-0.050066
-2.224312
1.269325
-0.701340
-0.074374
2.935078
0.375157
0.938985
-1.227313
-1.491636
3.837444
4.446290
-0.224330
0.092709
0.332751
1.331558
1.941767
1.021308
0.359830
-0.101425
3.215160
-1.644066
-2.956521
0.601943
0.091084
0.727527
-1.227859
2.568705
-1.171013
-0.194390
0.410172
0.197108
0.681380
0.181265
-1.211539
1.213685
1.441620
-1.004019
-0.499827
5.907603
-0.062583
-6.454375
0.325412
-0.320181
1.471472
-0.416774
0.261018
2.567847
2.177973
-1.962274
0.429113
-0.057795
0.275384
-1.093101
-0.881942
0.411063
1.729526
1.585872
-1.396504
-0.947560
4.125815
0.511071
1.590023
0.533892
1.704495
-0.526550
-0.248291
-0.827747
-1.075526
-1.009117
-3.181314
0.657118
-0.283122
4.702822
-0.121364
-13.616602
0.119580
-0.721477
1.138743
0.304308
0.041409
-5.143651
-1.313342
-0.234359
0.981565
-0.366645
0.751644
0.418353
3.462998
1.569738
-2.233537
-0.222955
0.254683
1.288709
1.164033
0.945537
-0.972792
-0.576493
2.666818
-1.260399
1.132046
-0.437946
-0.095952
-0.152570
-0.558650
4.058330
0.555765
-1.689779
1.710057
-5.005756
-5.325641
2.595263
3.109085
-1.222148
0.702059
0.590022
2.857393
1.443186
0.503972
0.833622
0.528511
-1.102732
-1.485569
0.029755
2.533013
-0.426782
1.102668
-2.087468
1.146690
-1.101172
4.637275
15.249512
1.347162
0.868407
0.231258
-1.816024
-0.661206
-1.592035
-3.601488
-1.668825
-2.679200
-2.657272
-0.816762
-1.046426
0.896572
2.367541
0.592453
-0.015506
-1.325846
-0.177140
0.182333
0.169516
-0.318404
-1.436252
0.030585
-0.374191
1.195031
2.553305
1.469744
-0.316710
0.038088
1.185996
0.483799
1.271252
1.882528
-0.820958
-2.879015
0.786489
0.142864
0.652090
-0.588655
-1.919603
-0.407858
-1.105878
1.470707
0.319292
0.467013
1.447414
1.321338
0.398484
1.367011
0.181660
-0.388909
0.466732
1.742451
1.766329
-1.034105
1.017471
1.350957
0.424684
0.993298
5.562378
-0.514319
0.737823
-1.417609
-1.292719
0.642560
0.407419
-0.164309
-0.753288
-1.399161
-0.690944
-7.925299
0.687701
0.785175
-0.592425
0.067584
-0.312702
-0.481500
-0.965779
3.086168
-0.967850
-0.910630
1.565384
-1.088828
-0.593673
1.372324
-0.182538
0.366391
-1.670904
-21.702173
-0.181713
13.316882
0.758726
2.943196
0.226011
-0.270398
-0.348884
-1.766715
-2.653278
-1.546422
-0.390631
-1.083199
-0.232029
-0.371168
0.478868
1.001696
-0.755706
0.205914
0.051149
-0.511204
-0.530375
5.047054
4.418954
-3.709947
3.894339
9.024121
-1.146134
-0.246280
-0.818142
-0.211397
1.415913
0.229816
-10.118157
0.640700
-6.024597
-1.389454
0.210597
0.544125
0.183250
-0.637515
0.936230
0.736514
0.187905
4.865805
-0.680977
4.439577
3.194416
-0.888396
1.331306
12.651078
-0.574102
-1.013620
0.259533
-2.945904
-1.026705
-1.122035
1.285553
2.078783
1.424279
3.328234
-0.851523
0.397940
-0.232282
-0.805933
2.169165
-0.020482
1.001363
0.577266
0.649761
1.133851
6.633810
-1.120730
1.635092
-0.307608
-0.304858
0.578049
0.684741
-0.902887
0.283391
-2.428021
-5.371442
-0.118368
-0.826229
-0.240583
4.693220
-1.098057
1.421368
0.070055
-1.185757
0.486776
-1.704081
1.854455
0.818915
-0.011120
-0.640865
1.796364
0.435828
-0.917482
-0.038080
0.189736
-0.207479
-0.027537
-2.141178
0.905395
1.241904
1.877983
-2.834241
0.748876
2.434622
0.849658
0.045355
2.222516
1.896237
-0.152393
0.500117
0.790300
1.294504
-0.158643
1.434109
-1.112803
-3.396952
-0.669110
-0.574182
-1.277117
2.540438
0.090175
1.246675
-1.438915
2.555977
0.399324
-0.678930
-1.538518
0.232350
-0.951941
-3.373250
-0.310062
-2.013957
-1.702280
0.699987
0.385798
0.685342
0.034420
-0.110931
-0.421190
-1.856577
-0.296055
0.349805
0.478028
-0.928666
-2.660841
0.402182
-1.874695
-0.321497
-1.852589
-1.593587
1.297589
1.532234
-0.613842
-0.632250
3.083646
-2.504640
-0.399741
-0.239822
-1.839320
1.825039
-2.178053
-2.692643
2.136556
0.013161
1.705272
-0.693179
3.724706
-1.061734
2.418490
-0.187370
-0.206135
-1.809162
-0.693142
-0.212009
1.278976
1.177095
-0.736945
2.411012
-1.751972
0.817547
1.527476
1.245914
-1.662450
-0.249377
-0.522229
-0.338886
7.610784
0.426998
-3.425090
0.234594
-0.372133
-1.852135
1.918115
0.246738
-1.288305
26.292320
-0.277966
0.173057
-0.774453
1.929365
-0.184529
0.581468
0.650811
-0.750088
0.248662
2.513947
2.861948
0.997266
-1.784488
-0.431225
1.490460
-1.079435
-0.925030
-1.729006
0.104930
1.251813
-4.196678
-1.183330
-2.263970
-0.284728
-1.362104
-1.561702
1.331802
0.270099
0.615702
3.873208
0.654436
1.625361
1.815363
2.592702
-1.067611
-1.404672
-1.131615
-0.440817
0.888160
-0.192136
0.082528
-2.492990
-0.184683
1.230292
1.993508
0.193208
0.774539
1.487421
-0.959379
-1.794940
1.582614
-0.684929
2.097111
-1.130098
-1.391151
-0.347748
2.285994
0.851125
1.153281
0.454269
-0.584700
-1.171181
0.463231
2.342927
-0.541971
2.130802
-0.043909
0.494233
1.873301
-7.559788
0.706783
2.630346
0.046230
0.621396
0.259225
1.996423
0.288961
-0.837881
-2.873131
-1.722185
0.181414
-3.626200
6.139744
-0.767612
0.885380
0.083806
-1.469188
0.933808
1.126528
0.642482
-0.948169
2.120502
0.089028
-0.911423
-2.641957
0.447562
-2.571000
-0.428260
0.331465
2.928095
0.075687
-4.771234
2.621097
-1.525578
0.829320
-2.895861
-0.064798
0.183579
-0.349131
-0.460262
1.645957
0.014077
-0.694664
3.901687
0.611804
-0.068005
6.792134
24.072655
-0.008881
-5.334756
-0.924942
1.805714
0.974886
-0.069348
0.481110
-0.969680
1.517836
-0.420464
14.298521
-0.598057
0.152013
1.576025
1.125563
-2.238110
0.641819
-2.999560
0.965348
2.074227
-1.455828
-5.263797
1.506946
3.460162
-1.696954
-0.071196
-0.212932
-2.034083
-0.123847
2.244647
-1.956931
-0.871263
-0.935705
-1.405874
1.783336
-0.438631
-0.403485
-1.715200
0.009961
0.271531
1.371331
-1.261871
-1.681171
2.108638
-0.428212
-4.713939
-1.317732
3.670761
-1.465920
-3.691061
1.670306
-1.272732
0.055283
0.048432
0.228769
-0.397087
0.038917
-1.399150
-2.607613
-10.217352
-0.664866
-0.251911
-0.837885
2.004174
0.240504
-0.238738
0.669462
-3.113719
-3.196530
-6.128164
0.817824
0.115291
-0.113186
-1.924878
-1.288336
-3.153351
-2.047180
-0.400502
1.773196
0.657433
1.699265
1.065173
1.764640
3.814163
-0.265165
3.468399
1.872939
1.188929
-3.108443
0.320180
-1.331499
0.858754
-2.267361
-0.837257
0.544606
-2.838338
-1.897382
1.035096
-13.237121
-0.333792
-0.768973
-10.279216
-1.265225
-5.494015
-1.233257
1.181739
0.119968
-1.433376
-0.893845
-0.592682
-2.515924
0.819136
-0.278191
1.362196
0.385631
-2.071434
0.673842
-1.344320
-0.021542
0.338391
211.332257
-2.319161
-1.958210
-2.905260
0.015751
0.641136
1.238571
1.439249
-0.031793
0.484101
0.342711
1.280721
-0.615457
1.613054
-3.026438
0.978783
-0.428379
-0.533779
-0.040902
0.205885
-4.941935
2.102591
-1.257078
-0.457507
1.816218
-1.227116
0.117816
0.357048
-3.394717
1.903182
-3.244437
2.057131
2.072047
-0.228217
-0.655852
1.919618
-0.221805
5.679236
6.604216
0.137976
-0.092156
0.378778
0.906954
-0.812569
-0.222853
2.124506
-2.596474
-0.024375
-0.867292
1.084644
0.602952
1.743512
0.443574
-3.223085
2.851507
1.109745
-0.525847
10.729229
-0.164888
2.113259
-0.559880
-2.663493
0.267141
2.646469
-4.907945
-1.123001
4.064226
4.596986
-0.697879
0.190449
0.309019
-2.091092
0.595974
0.207136
1.866028
-0.959020
3.207482
-1.614763
-0.143701
-0.130369
1.188580
-0.613758
-4.329663
-0.954423
0.002478
-0.122058
0.117419
0.801670
0.981871
1.087624
0.164574
-0.370640
0.931724
-0.895832
-1.519754
1.042527
-1.349011
1.257010
-2.576763
2.177980
-0.001568
0.207783
-0.585477
-0.823797
1.319897
-0.225988
-0.881154
-0.728279
-0.966719
-1.931256
3.502780
1.712103
-1.777402
0.968157
1.169264
-2.517276
0.795763
5.486940
1.107724
-1.248337
0.730603
-2.026207
1.591345
0.452067
-2.202022
2.337346
47.753598
-2.077256
-0.741757
-0.232273
1.136807
-1.677366
-2.746935
2.410945
-2.231855
-0.805729
-1.178718
0.427576
1.607744
2.108108
0.229307
-0.631453
1.049834
-1.374890
-2.224092
-4.394342
-0.006590
-0.259365
-0.341941
0.890287
-1.155255
-1.388801
1.200306
2.470364
-6.283241
-1.261006
-1.484872
1.404619
1.760101
-1.942814
0.103146
-7.922980
0.559112
-0.344635
-0.045500
-8.015734
-0.535609
-1.950993
0.364984
-0.682825
-3.477301
-2.255590
0.264379
1.614788
3.340031
2.234418
1.064771
-0.366057
1.626043
-0.267969
-1.824939
3.478720
-3.495857
0.561297
-0.848461
0.325888
-1.713784
0.811015
-0.152068
-0.075161
-1.216704
2.123669
2.790272
1.080867
0.380007
0.202893
1.043157
-0.258524
0.223215
-9.229966
1.947015
2.511150
3.185716
0.001307
-0.374390
-0.510374
-0.717066
-1.267076
0.571373
-1.750322
-0.477092
-0.691908
1.131740
34.184306
-0.523063
-3.683379
0.632215
0.585915
-1.118516
-0.484726
0.632356
1.241750
-0.294205
2.798580
-0.432008
1.091769
-0.396004
1.211140
-0.800422
-1.451762
-3.795485
1.603773
-5.413605
1.052628
-2.556585
-1.222558
-0.487476
-0.049812
1.480017
1.064849
-1.791553
0.042278
0.065400
0.356101
-0.554810
0.720230
0.443364
0.445531
-0.310194
5.232027
-0.192392
36.307522
2.346578
-1.351853
-1.015401
0.248825
-1.588674
5.670083
8.428731
-3.295821
-1.166970
1.592709
-1.725856
-1.694918
-1.640900
-105.030485
-0.924187
2.598898
-0.117279
-0.987300
0.470906
0.434914
-1.317436
-1.625452
0.371656
2.535404
-0.712388
0.221379
0.368619
-1.303150
0.781824
-0.208970
0.055895
-0.503544
-3.874568
4.213335
-2.619820
-8.329037
0.479531
-1.481579
0.636801
1.264826
-0.712593
0.458126
-3.831268
0.423089
-0.222229
-0.281925
-0.174932
-2.920180
-0.310442
-6.677636
4.249110
2.858543
1.067925
-0.074251
-4.052019
-0.980477
-0.660887
-6.150202
-0.061698
-0.355570
2.926483
1.004815
2.897353
1.812356
0.114748
-0.807917
-0.547812
-0.743978
-1.091781
-0.857038
-1.297636
-0.760652
-0.403141
0.154567
0.297728
0.286776
1.929836
4.048762
0.441557
0.347868
1.139351
2.586897
-2.614766
-0.558252
-1.323199
-1.997956
1.202499
0.480159
0.343766
1.317079
1.432265
-0.717742
1.023252
1.247916
-0.152719
-2.204533
1.095499
-0.171177
0.780295
11.373570
1.185753
0.756552
1.968846
1.182424
-0.014521
2.055888
2.908117
0.496247
1.913097
-0.859226
-1.082701
0.785174
0.510128
3.259730
-1.421697
1.960384
-0.940752
-3.867163
0.046603
1.354623
-0.209909
-1.488308
-0.317713
-2.602407
-3.466728
0.928496
-1.515546
0.618399
1.060625
-2.258970
0.740750
-0.474727
-2.561756
-1.326381
-0.533515
0.159567
1.579669
0.413022
1.483885
1.555328
-0.304022
-16.545796
-0.688088
-2.725889
0.432609
0.144486
-1.608563
4.272889
-2.513913
-1.075981
-1.396384
0.029941
0.683448
2.482779
1.097563
-0.354306
0.278824
1.258290
0.076205
1.476992
0.792057
-0.212762
-0.821329
-1.964627
-1.459794
3.230075
-2.390429
-1.800443
-1.254963
0.589530
-0.625383
1.810340
0.662151
1.029932
-1.460226
-2.277549
-1.988645
-0.260559
1.093756
-0.220126
-0.514391
0.289080
0.553427
-0.180162
2.014647
0.875595
0.497315
0.082726
1.020162
1.413872
1.423652
0.696597
-0.892390
-0.871922
-1.056243
-2.996668
-0.709609
0.636048
-1.542406
0.767132
5.014061
-1.852088
-0.503821
0.377021
1.514275
0.218410
-3.304186
-0.164820
2.088645
2.372453
-0.686491
0.289572
-0.924507
0.547844
-1.014144
0.026908
-0.329907
-15.093623
-1.748626
-0.255802
-0.890355
-2.372970
-3.488380
2.957523
-0.753127
0.956982
-0.707600
-1.211177
0.597326
-8.095861
-0.518634
1.595986
2.959075
13.046368
0.968134
-1.696387
-0.329688
0.195587
0.483746
-0.153530
1.846726
-0.202021
2.951633
-0.682495
1.121578
-1.093250
-1.147275
-0.663519
0.562846
0.572221
-0.978313
0.830792
-4.746853
0.241059
-0.778223
-10.894518
1.394405
2.182919
0.292561
1.137319
-1.184090
-7.209753
2.317577
0.776669
2.179680
0.251462
-1.562572
1.103000
-1.304089
0.217972
9.795628
-1.937350
-0.221007
-0.331694
-0.827612
0.367024
0.263559
-1.153485
-0.849435
1.179527
-0.867992
-0.316758
0.272672
-0.096937
1.393529
-2.139373
-0.205970
2.056519
-0.538100
-1.168585
-0.728312
4.068721
-0.449662
0.940407
3.092148
0.821733
-1.353111
1.627107
0.586869
-1.996939
0.714126
0.358752
0.660773
0.157381
-0.703978
1.076301
-1.185734
-7.340893
-1.461589
1.743424
3.821712
0.965003
3.140204
1.840613
-0.012545
1.197585
-0.706108
0.674705
-1.145554
-0.864812
-0.489485
-0.869442
-0.168509
1.159996
-2.311197
-0.415707
-0.459709
1.784404
-0.169586
0.250767
-0.977003
0.039815
-2.806275
-2.240611
-1.613039
-1.046086
-7.284743
-0.234397
-0.775655
-2.338889
0.495934
-0.540479
-0.413996
-1.349711
-0.464582
0.872283
0.972688
-1.314094
2.980394
0.065341
-0.990366
1.195369
-0.259433
0.988463
-0.333940
-0.417646
0.455712
-0.895391
-1.782783
-2.274123
-0.677494
0.901394
-0.442907
0.221079
2.670216
0.858031
-0.191998
2.314815
-0.583505
0.906855
-1.068290
2.280401
6.542023
1.345106
-0.231097
0.283030
-0.680170
-1.691597
-4.426339
-1.947502
0.069890
1.864047
-0.985301
5.525079
-3.558014
-0.939573
-0.191290
0.365812
-3.832197
0.382180
0.137221
0.538627
0.286933
3.187061
0.089477
1.523398
-1.521921
1.525016
0.648805
-0.363704
0.252581
1.408433
0.004771
-0.555433
-1.108075
1.258599
-2.222418
-13.892593
-0.497875
-1.779455
0.402784
-0.561507
-0.133496
-1.542527
-0.809740
0.432580
0.161150
0.699054
0.930001
1.199318
-1.368394
-0.018096
-0.514414
-0.494298
0.371831
2.024817
-1.227648
-1.492388
1.265693
-1.608722
-26.485670
0.574146
-0.228362
-1.439497
0.062838
-1.210640
-0.484752
1.179271
-0.753956
1.578462
-0.692921
-0.106441
0.255498
0.192787
-0.535569
-0.696681
0.114091
-1.604420
0.471412
2.076139
0.034533
-0.044895
0.899098
1.325185
-0.134483
-0.447993
-0.357478
1.662713
0.505516
1.089473
-2.808177
4.093963
-0.625035
-0.079376
0.216600
-1.556825
2.120237
-0.009591
-1.131404
-0.500137
0.009616
-2.759673
-0.095017
-1.398586
0.052244
4.184984
-2.448979
-0.261152
0.527984
-1.536325
-0.823473
-0.462736
0.494113
-0.591633
-0.127650
3.511929
0.740607
3.398828
-0.899847
1.080607
-2.279542
0.232597
0.920889
-3.809245
-0.324801
0.778191
-1.462020
2.104804
-3.402734
-2.280137
-1.048750
0.400810
2.364194
1.364474
1.143961
2.099567
-2.727551
0.096687
-0.574671
0.519697
-0.552620
-0.195901
-0.797566
-1.245487
-2.014135
-1.054264
0.306886
-1.192619
0.561339
0.882699
-0.012758
0.106072
0.669091
0.861158
-1.287351
1.478785
-0.623305
-1.348468
-0.645932
0.782858
-0.494176
1.734271
1.719150
1.327279
0.358376
0.925110
-0.119006
-2.215638
1.667799
-0.606128
0.574450
0.445451
-0.501435
4.199881
-0.463645
-0.232956
-1.623459
2.587010
-6.534798
1.510508
-0.215739
-0.296487
-1.475599
-1.613593
0.511067
0.045276
0.805446
0.281382
1.183246
-0.618967
-1.957518
2.621797
2.097527
0.827214
-1.670140
-0.344870
1.336665
5.984334
2.245552
2.686808
-0.574131
-1.136152
1.147248
-0.674745
5.890201
1.408269
-8.245532
0.858836
-0.760082
-0.444347
-0.870030
0.632386
-2.362751
0.223500
0.542217
-1.630646
0.854327
-0.950277
-0.281088
-0.989571
1.788626
1.686354
-1.856895
0.682052
0.399538
-1.768704
1.753407
2.335408
0.675912
-0.387380
-0.499087
-1.614432
-1.714088
-1.754096
-1.127290
0.346362
-1.960023
-1.659576
-0.141061
0.497308
-1.321610
-1.962928
1.145123
-0.239270
-1.303363
1.160837
0.777750
2.853430
-1.669405
1.227584
2.919775
0.340814
-0.547768
0.176232
-0.692621
0.878329
-1.033498
-1.315368
0.962184
0.298451
0.218634
-1.532912
3.568049
-2.414930
-9.663714
0.253861
-3.882724
2.467966
2.509444
0.836595
0.532060
0.919553
-2.681253
-0.607299
-0.385585
0.772917
0.011391
4.527862
0.658291
-2.687762
1.472647
0.267901
-1.112389
-1.196166
0.101711
0.870639
-3.074607
0.068383
3.912872
-1.262783
1.769345
0.052699
-0.465379
-0.463290
-0.346568
0.199555
0.589569
-1.715946
-1.724839
-1.539522
1.612988
-0.525131
-1.050883
0.420235
1.391358
-1.455711
1.337302
-0.329605
2.561007
2.099253
-1.219549
0.491433
-3.355469
1.415602
-1.225339
1.292930
0.311387
0.002185
-0.409045
-1.525969
3.375844
1.236769
-2.350351
2.139773
1.716159
1.276784
7.940294
0.035159
0.243224
-0.005552
-0.850611
-1.023446
-0.742788
-1.352894
4.896043
-0.504645
-0.468091
-0.025710
1.500885
-1.633473
2.055472
-1.329235
-0.788187
-1.746590
-0.477227
1.343687
0.025893
-1.714092
-1.224706
-0.682983
-0.460615
-1.328239
2.147178
-0.941893
-1.227583
0.731214
-1.905888
-1.873069
-0.385530
-0.828502
-0.526907
-4.780926
2.794271
-0.069172
-4.903437
-3.373389
-2.753157
-0.303258
-0.308368
1.986771
-3.084622
-6.421980
-2.327340
2.588973
0.897698
-2.429934
1.322536
2.226728
1.233922
-2.275729
-1.355658
-1.431785
-0.311871
3.173624
-0.239371
-1.773986
-0.356471
-0.037530
-7.857761
1.230418
0.009737
1.476891
1.109074
-0.240420
1.084643
-0.894723
-2.618247
-0.126154
-1.715903
-0.436904
-1.068854
1.747912
0.264543
-0.358638
0.787281
-0.598745
-1.274624
0.742894
-0.735243
1.380518
0.391207
-0.635423
1.634594
0.212493
1.044909
-2.414601
1.019427
0.375090
-0.659779
3.918925
-1.960121
0.461689
0.079454
-1.732205
-1.041639
-1.044721
-1.948240
1.258231
0.049521
-0.221452
-1.500309
1.712319
-0.411376
1.696617
1.283262
-0.288048
6.381663
-0.100599
1.480233
4.500161
1.100189
2.856301
0.236874
-0.459442
-0.304034
3.464017
2.357339
-1.239575
-1.673262
0.584642
-1.269362
-1.751985
-2.912556
2.269878
0.757023
0.704835
-0.961103
1.320831
0.854922
-1.547703
-0.740762
-0.350793
0.695725
-1.006876
-3.431473
1.006498
0.867501
-1.553744
-1.678742
-0.162031
2.391501
-1.573974
-0.519704
-0.203576
-1.151314
-1.357788
-0.758291
0.495458
1.761070
-2.202126
2.410397
2.152865
-2.650834
0.074207
3.053300
0.543994
-0.171398
-75.190919
-3.800661
0.600501
-2.833530
-0.629779
-0.248970
1.135606
0.539860
0.795944
-3.227660
1.155259
-2.663086
0.715397
-0.391839
1.535563
1.562016
0.622306
1.304793
3.585348
4.655037
-1.121673
3.774077
0.899757
-0.170255
-0.481333
-0.017880
3.431856
-2.427085
1.878890
2.685233
-0.110057
-0.306128
-0.236921
-0.483855
-2.618033
0.961948
0.676579
0.037153
-3.768070
-1.180084
-2.237076
-0.163808
-1.057234
0.310329
1.394180
-0.318429
-0.622113
1.291728
-2.647355
-6.306360
2.002723
0.292147
1.655696
-0.755954
1.821648
-1.481387
-1.960702
0.892625
0.477374
0.162161
-0.037771
2.402597
2.233811
1.062358
0.878859
1.079827
0.728133
6.952605
-2.613836
0.078061
0.472736
1.245367
-0.582365
1.298801
0.009148
-1.800334
2.635776
-2.605379
-0.300803
1.994251
0.483556
0.667333
-1.709177
-1.956530
-0.861102
0.870466
1.165326
1.234844
-1.313472
1.594419
-0.353404
1.670818
-0.054180
-4.624071
1.568615
0.089812
1.017746
-1.099474
-0.276289
-1.571548
3.524064
0.604207
5.643019
-0.468019
0.975780
-2.643675
3.202158
-1.306000
-0.975945
-1.926042
-0.494132
-1.804711
-1.293430
0.828636
0.019726
0.394710
-0.606991
-0.802499
-0.649084
2.064151
-4.094829
1.300285
1.333523
-0.245021
-1.189725
-0.068351
-0.186538
-0.595944
1.325374
-2.261490
0.108288
0.653877
2.334156
1.224019
3.578994
-0.395821
-4.012405
-2.092191
-1.346458
0.144295
4.886972
0.291809
-1.100256
1.825053
-0.321031
-0.606946
-1.298223
0.967937
-1.025367
-0.547223
-10.994667
-2.848280
0.069745
-1.420132
0.351117
-5.647957
-1.625917
-4.591639
-1.168132
2.504727
-0.469796
3.207844
2.385394
0.038663
-0.422885
-1.497758
2.295452
-0.324446
0.133731
-3.792365
1.589368
-0.092824
-0.068926
-1.239742
-1.407595
0.434190
-0.167896
1.373384
-3.095641
1.341820
-1.926553
1.174801
0.922728
0.568321
-0.677751
0.406765
0.055576
-1.942748
-0.705427
-0.710368
-1.716265
1.144264
1.208047
0.344295
-0.049650
0.938228
-1.666930
2.167341
-1.438617
3.324297
-0.595948
2.691320
1.887165
1.131244
1.429176
2.932316
-0.625842
-0.218996
2.929372
-0.968825
0.327142
-1.203045
-2.082234
-0.773498
-0.041498
-0.486020
-0.041105
0.257411
-1.776594
-0.137187
0.852187
0.192260
-0.554987
-0.589243
0.056606
-2.819182
6.781124
-3.123868
0.924313
1.597029
-0.541318
-1.164588
0.788126
1.898453
0.031895
0.800556
1.443089
-0.136150
3.581574
-1.196872
-0.619529
-1.568707
-3.380914
0.273318
-1.770992
0.043768
-2.203783
-1.380494
0.130198
1.327793
-0.556347
0.776597
-1.448029
0.909008
-2.446778
-8.417553
-1.929259
1.717719
0.868119
-0.057643
-2.740991
0.240651
0.662267
0.856904
-0.689879
-3.089404
-1.022275
1.017019
1.062755
0.443981
0.500524
-0.758951
0.739860
1.436917
1.120783
1.235706
5.913582
-2.027912
1.351123
-1.499004
-0.382839
-6.566596
0.330297
-2.616905
1.634978
-1.500984
1.295712
0.817782
0.406704
1.273616
0.100683
0.961078
6.563646
-0.260955
4.748976
-0.011511
-0.994967
-0.508369
0.588248
-0.499590
-0.319858
0.738464
0.929987
4.277806
2.488577
5.345773
-0.567791
1.189280
-0.820042
-0.242786
-0.930844
1.647688
0.665169
-2.198568
-1.463323
1.580587
1.712962
0.400481
-0.143241
-1.780129
0.846261
0.008455
0.159822
-3.112740
-0.666252
-1.166170
-3.799585
0.849117
0.844242
-0.499489
1.463887
0.246574
-0.028938
5.943681
0.637080
1.272884
-1.666466
-0.236655
-2.833602
0.977807
1.341369
1.388602
0.524179
-0.819792
0.715322
0.070148
0.860385
-0.966664
-0.454965
-1.914217
1.644459
1.326551
-1.728383
1.844344
1.138689
2.223865
3.201471
1.227810
-1.781184
1.581787
-1.947875
-0.991632
0.336228
0.495268
-0.100525
0.290612
-0.651683
22.357192
-0.243392
-1.531860
-1.209442
-4.673797
2.590176
-9.334870
-0.057227
-1.365716
-0.311290
0.044841
23.048140
-1.213232
-3.714808
-1.163828
-1.643711
1.426908
0.875775
3.801302
-1.518454
2.196287
-2.628442
-2.518707
1.956970
-6.855827
-0.043077
2.458937
2.788749
1.793785
-2.263393
3.651603
-2.074531
-0.903301
-2.022642
1.032046
2.936036
1.727306
-0.429658
0.031122
-0.075067
6.840791
1.271478
-2.065490
0.990324
-0.547084
1.044463
-5.332760
-0.490749
-4.768132
5.386061
-2.967004
-1.029592
0.204716
0.111237
-0.239251
-6.406454
0.166392
-0.950187
-1.406544
1.385600
-0.579588
-1.051711
0.498649
2.311305
-0.140838
0.223451
-1.945172
0.955251
-0.735367
-1.034321
0.398090
0.286666
-0.990885
-1.052082
-2.910643
-0.343362
0.016806
-4.031595
2.777340
4.810869
-0.209664
-0.547038
0.968855
-1.301694
-0.319602
-1.158393
-1.286000
-1.575228
1.865590
-2.881309
-0.972218
-1.541592
1.513116
-0.912595
-0.992041
1.391323
1.422370
4.466924
0.640515
1.735719
-6.060266
-0.221390
1.624117
-0.195018
-0.271964
0.677096
-0.260844
0.720462
-2.811432
-8.054513
1.192679
-0.212837
0.295121
-0.255129
1.084791
-0.114541
-0.704781
0.930576
0.094168
0.106977
1.521807
-2.529775
-0.324328
0.687302
-0.929988
-2.083297
-0.761323
-0.683925
1.417887
-1.184162
-0.009185
7.841473
0.360404
0.608083
2.815865
-0.677311
-0.159143
0.027971
-1.331553
-2.606236
1.350771
-0.362596
-0.797694
21.568241
0.393912
-0.490941
0.828017
0.916960
0.374259
-1.700724
0.675708
-1.671585
-0.522134
2.693482
0.441167
2.373026
-0.534734
-0.609971
1.944265
-2.519504
-0.612060
0.209718
0.161365
1.469492
-3.620892
-2.558475
-0.737883
1.381931
-1.800575
-0.579846
-0.423696
-0.494715
-0.464962
-1.517471
2.201041
-1.425031
-0.420025
-2.635470
-0.620922
-5.965948
-1.172076
0.198437
0.580635
0.819142
1.250109
0.411343
0.659676
1.417754
0.834975
2.003123
0.668429
3.076657
-1.619403
0.846990
0.771370
-2.111534
-0.197984
1.374148
2.210767
1.883570
-1.839128
0.665987
-0.338359
-5.141826
-2.180009
-0.839740
2.136710
-3.685524
1.045771
1.629019
-0.453572
0.073512
-0.038517
0.913031
-0.574487
-0.209925
-0.664176
-2.195106
-1.444189
1.200786
11.039524
2.281448
-1.012107
-1.760200
0.393771
-2.154532
-0.743292
-1.324859
0.012278
0.569099
4.321768
2.600710
0.156852
-1.622181
1.446490
-1.533226
-0.351143
1.615220
-0.494589
0.800590
1.799688
-1.148736
13.167956
-3.034437
-0.782623
-0.789405
-0.370874
2.279855
0.624500
1.555997
-0.127507
2.252015
3.409640
0.830435
-0.279026
-1.737092
-1.381516
0.492760
-0.698809
0.852375
9.807161
-0.576971
2.741702
-2.261251
-0.851023
1.843741
0.004162
-1.168444
-0.020917
-0.719647
-1.330714
-0.472433
0.712999
-1.297414
-0.526267
-1.507018
-0.248685
-0.701196
0.430905
-0.868243
-0.661548
-2.158264
1.433565
-1.812565
0.230076
-0.669026
1.241058
0.765060
-1.476541
-0.933191
1.897445
-4.340413
1.016939
0.510468
-0.759094
-6.603762
-4.565586
-1.321409
-2.477199
0.475316
-0.635846
2.774141
-0.591281
0.612578
-0.541269
0.587476
-0.831705
0.429215
0.580224
-1.645930
0.787803
-2.165031
0.950854
2.190394
-2.120004
0.255479
-1.603960
2.137616
1.702177
5.058080
-0.896400
0.525858
-0.574335
0.459495
-0.055556
1.450108
-0.108273
1.706985
-1.285506
0.978241
-0.396117
1.090966
-0.805275
3.509981
0.970589
0.746042
0.902541
-1.792838
0.961130
1.337450
-2.444507
-0.069092
-0.056674
-0.817592
3.761460
1.403860
-13.854292
1.254560
0.321270
0.680589
-0.208021
0.798788
-7.203171
0.443380
1.316973
-1.960456
-2.030039
1.571030
3.037183
-0.204886
0.764761
-0.768000
-0.219444
0.700541
-2.064843
-1.564374
-1.311570
-11.176311
2.372423
-0.323105
0.729454
0.458359
1.781924
-0.292714
-3.247768
0.991089
0.358065
0.802732
-0.988680
-0.920623
0.180109
3.008708
0.056272
0.019486
-0.141072
0.234100
2.884573
1.693331
0.408779
1.655849
0.659829
1.719008
-1.282600
3.325871
-1.961127
-0.179149
-1.317164
2.414360
-1.069991
1.352164
-1.891547
-0.039895
-0.538869
-0.703640
0.051844
4.857956
-0.698316
283.408247
-0.688205
-0.411855
-0.903646
-4.936398
-0.693834
-1.550079
1.373456
-0.157462
-0.071973
0.895696
-0.572198
-0.863462
5.824598
-0.300418
-0.323640
-2.872890
-4.632569
1.720406
1.622113
0.891908
0.097871
0.179785
35.491087
2.189067
2.152308
8.757265
-21.808188
-1.234577
-1.495502
2.212742
3.252238
1.100877
2.487220
-1.286938
2.685695
-1.380719
-2.052870
1.249748
2.492995
0.611458
0.926430
1.829970
-1.339207
-4.462637
-0.824584
1.343298
-0.948084
-1.118955
1.283221
-0.330526
4.714591
-2.109968
2.171358
-1.013823
0.268079
-0.805742
-4.648055
3.146204
0.819898
-1.012020
-1.331456
0.010207
4.643094
-0.237246
-1.904856
-0.839038
-1.475285
-0.980773
0.743631
-0.168574
0.397994
2.093048
3.691347
-2.773123
-2.152527
-5.193671
2.998568
-0.410402
17.871566
1.719072
0.753940
-1.205447
-0.094362
-1.145266
1.511430
-1.343089
-1.294923
1.028383
0.615811
-1.088594
-0.867257
-1.864498
1.455977
-1.623322
0.124881
-1.020478
-3.948948
-6.783612
1.853282
1.566190
2.286474
-2.071285
1.036787
0.239245
-0.977120
-32.411373
1.967104
-2.715456
-1.147526
-2.268958
1.211449
0.548796
-0.738068
-0.202423
0.102559
0.000904
1.275130
1.519483
-0.812042
-1.981742
0.348764
-1.022358
-1.139961
-0.967033
-0.586993
0.596100
-1.123966
-2.129235
0.763350
-0.317083
-0.903304
0.417039
3.431134
-0.480833
-1.517269
4.941146
-0.066842
-0.594970
-0.664025
0.324277
-0.903028
1.419903
-1.200111
0.948509
0.236157
-0.388050
-1.985324
-0.450842
1.503239
-2.850460
-0.610851
0.748973
-11.998810
-1.077186
0.961276
-2.099839
1.186447
-3.456639
1.751988
-1.150949
-0.788744
2.310809
-2.108152
2.573615
0.210640
-0.192106
-0.257447
-3.218835
-1.596664
-0.290829
0.216693
2.912730
0.501235
0.540092
2.548956
-0.713658
-1.878748
-0.083562
-2.613596
-2.206004
2.782899
-2.416479
0.065700
1.930222
-2.627649
-0.384393
1.694465
0.342735
-1.473345
-0.753091
-0.966483
-0.058236
0.104793
-1.764624
-1.680016
0.370349
-2.792805
-0.550177
-0.889829
1.190795
1.227536
10.177262
0.647410
0.712547
0.296722
0.094731
-0.647078
-1.431476
-3.871401
-1.065425
-0.331565
-0.835615
0.463205
0.966526
-1.487432
-0.088931
-0.665152
1.506924
2.086817
-0.635863
-1.140070
0.299133
-0.003913
1.506158
-1.606769
-0.027757
0.853491
0.421928
-0.870439
2.418763
0.104698
0.122248
-0.037830
0.527927
-0.982225
-1.173000
-0.754561
0.532906
-0.490315
-0.150636
0.283572
0.907091
0.736743
-5.061798
3.140121
0.629331
-1.154102
-0.013188
0.299633
-1.518039
-0.883571
1.733195
2.035894
0.832748
0.378430
1.963176
0.755844
13.543108
1.880261
1.226354
0.201948
-0.415716
-2.105035
6.421970
-0.485385
0.859791
-2.770962
0.118819
0.472541
0.955435
-0.502863
0.731872
0.468386
-24.927703
2.218503
0.562289
2.150932
0.507921
-0.107462
1.174712
1.773070
-2.709783
2.036962
1.118427
-1.128212
0.247449
0.618921
0.074236
2.477079
0.506592
1.974851
0.373731
-0.039216
-0.945792
1.451012
0.038896
2.415437
2.372069
0.444577
-2.068336
0.287529
0.243472
3.479006
-0.228848
0.934100
2.273877
0.734262
-1.992878
-0.423287
0.078924
0.715345
1.062241
-1.986128
2.767420
-0.780485
-0.723015
1.150715
3.071228
-0.000950
-0.941197
0.204760
-0.666527
1.973633
-1.735211
-2.283076
0.304244
-1.214441
-1.005388
0.665840
1.544223
-2.178734
0.568844
-2.611186
-0.605213
-0.429431
0.035351
-0.094165
-2.626592
-4.435511
-0.190320
0.472764
-0.342006
-5.157851
-0.099943
-0.110966
0.645155
-35.686179
-1.108030
0.446797
-1.488812
1.012226
-4.375877
-1.998397
-0.218099
-0.092902
0.484346
1.470898
0.694679
0.905498
0.965995
-1.997760
1.588975
-1.911210
-0.970685
0.293866
0.503618
-12.114187
-0.714305
-1.973932
-0.018538
-0.729344
0.632624
-6.171685
-1.310624
0.931098
-2.555171
-6.141762
1.045501
0.597042
0.195264
-0.653310
-0.132086
-1.465797
-1.026407
-0.337208
0.710586
-2.262517
-3.455684
-0.722531
-0.901587
0.293533
5.365988
0.205398
1.722676
-0.019143
-0.621391
-0.131228
-1.058167
-1.383976
0.815704
-0.000790
3.619204
1.128482
0.921165
-1.197426
-12.682736
0.461918
-1.417960
0.203887
-1.731499
-0.298892
0.332551
1.280673
0.196282
0.498606
-1.737314
0.227082
1.253969
0.658557
-0.347521
1.936824
-1.796669
-0.998150
-1.379464
0.826572
-0.800348
1.734944
0.922362
0.119214
12.075784
-0.633062
-1.359943
0.248973
1.138623
0.939359
3.055985
0.099027
0.658587
0.434721
0.747022
-0.729324
-2.261735
-1.043303
1.822626
-0.446978
-1.045727
-0.114988
0.201627
-0.117363
-1.728732
-0.014883
4.458724
0.545242
1.300175
0.016637
-2.662803
1.981006
0.714003
-0.189258
1.575851
-0.246740
0.693626
-0.463599
0.655675
-1.199200
1.287995
-7.446379
-0.659151
0.720804
1.100312
0.687299
0.713583
-0.192602
-0.139861
0.516284
-0.312994
0.064022
-0.993660
0.378509
-1.791472
-0.300099
2.319219
0.115543
-0.011455
1.517644
0.225817
-1.270866
-0.047400
0.385725
0.229004
-0.188866
-0.440610
0.565131
1.131498
-0.439878
0.866606
1.572119
0.495838
2.361264
0.996573
-5.490357
0.775830
-7.049837
1.992613
-0.664831
0.859735
3.035569
-0.211602
-0.285571
-1.238622
0.618164
1.879204
0.382296
1.420805
-0.500303
-0.725630
-1.406898
-1.945796
-2.017986
-1.047240
-0.129126
1.319383
0.134902
1.815854
3.060454
0.776740
-0.511959
-1.085048
1.805116
-1.269200
0.085279
0.455247
-1.429806
1.007114
0.924768
4.196428
-2.944179
-0.408944
-0.737027
0.758078
-0.517045
-1.146155
1.039843
2.253563
0.987153
-0.402438
0.709426
-0.140103
-0.462504
1.717384
-0.982170
-0.434485
-0.358476
-2.469528
-0.572822
-0.380506
-0.334307
1.624169
-0.665493
-1.445453
-1.594502
0.352362
0.266064
-0.594672
2.314721
-0.028315
-2.295720
-0.286565
0.022573
-1.776916
-1.981930
-0.099352
-0.345162
1.383108
1.153051
-0.934474
0.092733
-1.497614
1.502384
-3.564839
-0.237993
0.625924
-0.153600
-1.625426
-0.858092
0.050981
1.237103
-1.430734
1.114056
1.230414
0.817745
3.381162
0.363604
-1.813648
0.015703
2.022905
4.678481
-0.112820
-0.511146
-0.036834
0.722287
-1.395373
2.669283
7.686844
-4.095525
1.969561
0.712843
-2.778412
1.848208
1.917020
3.009939
-1.612830
-2.929094
0.390387
0.558827
-0.106571
1.279518
-0.826904
-0.881599
2.309141
-0.535481
1.582456
0.456721
3.738988
-1.312137
-2.225300
0.351935
-1.194173
1.048680
-2.324520
1.035886
1.309614
0.459787
-1.413970
-1.984578
0.409022
0.836028
0.347684
-1.368859
1.106686
-3.945221
3.351082
-1.328279
-1.992728
-1.645141
0.430533
1.315876
0.501905
-1.629106
-0.524821
0.039784
0.363855
0.103119
-9.095767
1.114233
8.399206
-0.722803
0.208781
0.020749
-2.034633
-1.611090
-0.403631
0.136632
3.230561
-0.248267
1.155981
-3.555202
-1.430506
-0.981715
3.325235
1.147442
1.928796
-0.835357
0.219861
-2.256244
1.766564
2.921323
0.276856
0.906756
0.807453
0.810418
-5.143276
-1.129771
-8.477256
-0.392218
-1.280401
-1.591089
-2.394797
-0.642056
4.747136
0.353463
-0.042335
1.530480
-0.457784
4.139636
1.041810
1.861795
9.204077
2.522975
2.290936
-3.199904
0.000928
-0.935055
1.438965
-0.385660
-0.826840
2.060359
-0.839017
3.541642
-2.878893
-0.748661
-0.028792
0.865687
-1.061964
2.794653
-1.831595
-1.061901
1.586530
-10.044813
1.027164
-1.313531
1.759604
-1.170325
1.020948
0.678542
1.148349
-0.176506
-1.261653
-1.266602
1.413712
0.400138
-0.057876
3.785205
-0.005443
1.009655
-0.215036
2.346572
-1.833026
-0.361652
1.529429
2.214171
-2.607462
-0.461573
-0.191547
-0.410821
1.890188
0.802048
9.084272
1.985191
2.676557
0.155387
-3.004860
-0.717357
1.539818
0.439289
0.879202
-0.962068
1.097967
0.016100
0.167000
0.303048
0.956675
0.014004
0.589044
-0.334572
1.602302
-0.552202
-1.759155
1.582788
-1.059637
0.469614
2.065815
-0.246302
-0.424780
1.578829
-0.897156
-0.872432
-3.513335
1.353227
-0.142628
0.340648
0.026625
-0.278892
-1.804305
-0.266638
1.191545
-2.163706
-2.152216
-1.939545
-1.909611
-7.111985
1.034716
-0.062419
1.170694
1.476654
-0.776942
0.682745
1.724644
-0.732899
-2.247574
-0.444478
-1.231209
2.160025
-1.914869
-0.204643
-0.951530
1.320914
1.155088
-0.750890
0.153057
-0.792230
-1.786201
-1.174169
1.403670
0.701337
-0.998693
0.577260
-0.126925
-0.898029
7.765236
0.206490
1.307546
-1.306957
-0.491407
-0.174164
1.209718
0.101346
-0.556624
-1.110300
-0.935191
-0.488320
-0.036695
-1.870701
2.576802
-0.798943
-0.796416
1.748202
1.631241
1.498765
2.872258
1.218617
1.821613
-1.587457
-1.041661
5.230563
-0.398128
-0.311477
0.683157
1.441518
-0.484085
-0.174222
-6.631327
-0.443616
0.998375
2.968605
2.030490
1.212082
-0.484568
-0.483591
-0.606888
0.691227
2.181012
-4.936942
12.810058
-0.745115
0.628535
1.425801
-0.843559
0.489117
-0.792126
-1.454796
0.326118
-2.345460
1.267581
-0.207158
1.225385
-0.405546
-2.464788
3.320032
0.595508
1.452420
-0.261481
4.506711
-0.712434
0.826120
1.070047
0.602560
3.717733
-0.174271
-1.004441
0.334634
-0.917822
-9.795232
4.408402
0.238136
-3.177392
0.752979
1.330365
1.294507
0.440738
1.250150
0.299851
-0.681481
1.304337
13.103375
-1.150586
1.854070
2.289905
1.761590
0.648624
1.164551
0.354209
0.654181
0.522806
-0.139174
-0.093460
0.923728
-0.466130
2.554421
-0.430156
-0.689753
-0.624036
1.752352
-1.215140
-0.303063
0.640223
1.916294
0.331441
0.616788
0.648132
0.947520
-1.299820
0.557720
-0.458455
1.213183
-0.190115
-1.348941
-2.090421
0.910777
2.359143
1.115484
-0.533616
-0.808254
1.047157
0.610130
-0.981366
-0.674050
0.085523
0.699035
0.611610
0.913058
-6.068835
-1.657596
-0.147703
-0.455363
3.386923
-2.541505
0.426594
-4.079537
0.973452
-1.209830
1.271676
3.849070
1.345636
0.084200
-1.406770
-0.484125
0.811814
3.833055
-0.097285
-0.294546
-1.814969
0.349713
1.694831
0.964508
2.177600
0.503822
1.536426
-2.361782
1.375376
-1.074410
-2.370752
1.213932
1.724315
0.857841
-1.564533
0.615867
-0.628142
-0.045144
-0.602945
0.597788
-0.598238
-0.786402
-0.157967
0.272717
0.573912
-0.437597
0.091751
-1.909407
0.510839
0.138781
-0.013306
3.982677
1.108452
-0.088118
-0.813930
0.849868
0.634840
-6.232780
-1.997838
-1.427717
0.664756
-0.126392
1.389623
-0.175085
-1.258281
-0.191010
-2.245961
0.095001
-1.564920
-1.213053
1.034391
-0.313372
-0.657726
-0.594985
-0.991237
0.801929
-2.257484
2.146009
1.555612
-0.353058
-0.609897
0.314394
0.123016
0.090709
-0.176022
-1.198089
0.231080
1.844662
-1.446828
0.724031
0.944124
-1.728773
-0.061845
-2.615829
-0.274505
-0.354020
-0.947255
-1.008867
2.323472
-0.640136
-0.492098
-2.440824
-1.857734
0.651451
-2.731268
0.438709
-2.049427
-2.579314
-3.426684
-0.487443
0.721156
0.543841
-0.125865
-1.692107
0.768218
-0.797643
-1.889581
1.496969
0.075358
-2.711526
-0.691780
-0.000509
19.318995
-1.062812
0.387768
-1.383240
-3.066061
-1.153168
0.707646
0.464896
0.867264
-1.821961
-0.070835
2.455769
0.407117
0.535023
-1.178201
1.394144
-1.538669
-0.532306
-0.564852
0.668933
-2.199265
0.815391
0.162000
-0.244579
2.387737
-1.148219
1.498605
0.766481
0.692196
-0.666261
0.965087
0.787156
0.080589
1.010857
-0.663755
0.234067
1.249050
-0.234585
-1.210719
1.515411
-0.485456
-0.677526
0.938520
-0.940211
4.968181
0.350362
3.389345
-2.335767
6.468543
-0.309445
-0.149062
0.908038
33.108146
-2.537425
0.119993
1.394428
-2.480539
1.786819
0.549521
-1.222650
3.714382
-0.667680
5.651998
-0.439229
-1.058952
-0.954839
0.472728
2.620878
0.634053
12.937329
0.383502
-0.501159
1.999897
11.538196
-1.674083
-0.210716
0.679386
-0.593536
1.524488
1.069043
4.167462
0.396391
0.131141
-0.231992
0.728104
0.612704
1.570344
-2.757900
1.767497
-1.498408
-1.455681
-0.765858
-0.388795
-11.724387
-9.809889
-0.676812
-0.177626
-0.169864
-1.750964
-0.631779
1.817849
-0.603262
-0.720386
-0.935417
-0.451252
-1.027549
0.475640
1.034608
1.766592
1.473335
-0.609523
-1.123144
-1.634404
0.576908
0.924029
-0.179319
-6.784908
3.405967
-3.657043
1.579573
0.440842
-0.787456
1.250660
-0.478321
2.013763
2.299930
0.753096
0.804085
-0.027388
2.805410
1.298614
2.958214
0.185521
2.883415
0.147044
-0.085471
-4.985324
0.609204
-1.705724
-0.675172
-4.768864
0.403844
1.856335
-0.839451
-3.092868
-3.557580
-0.259561
-5.817515
1.347128
-0.084837
-6.721564
1.314414
-0.479832
1.882884
-0.579020
-0.633525
-0.747641
1.045372
-0.620206
-2.298276
1.176624
-0.392774
-2.339993
-0.254982
1.288356
2.965461
3.753560
1.569568
0.742432
0.374800
0.822371
0.546735
0.071986
-1.493552
-0.728909
1.141621
-1.075491
2.702896
0.363544
-0.392300
0.822883
1.296280
1.293507
-0.175067
0.841590
0.334679
2.526879
1.945439
-1.604162
-0.111604
-0.893523
-0.302048
1.352849
-2.573421
-12.600267
0.130937
0.937110
-1.299077
-6.264767
-1.208962
-5.308113
-1.668185
-1.633193
1.948604
0.359982
-1.428417
-0.062079
-1.451200
-0.412178
-2.214170
-2.441081
-0.749951
0.185539
-2.179965
-1.213031
-0.174808
-8.941789
-1.622479
1.361857
2.941752
1.755573
-0.772368
0.578531
1.463530
1.256375
-0.303984
-0.294284
-0.912832
-1.678993
-0.027677
-0.307728
-2.421531
1.779070
-0.838898
1.035775
2.914583
0.641665
0.152854
-0.297976
-0.976899
-1.746478
-1.868075
-1.401415
1.173096
0.864048
0.310847
1.245387
1.288928
0.663675
-1.864275
-0.282067
0.058767
0.090250
-4.502080
-1.876711
-0.360763
3.036971
0.516980
4.008071
-0.419786
1.427315
-0.376943
-0.013703
-0.795391
3.256255
0.326439
-3.941002
-0.972765
1.728823
2.351873
-0.281831
0.306781
1.851060
-0.177933
0.129630
0.169753
-0.175343
-2.205136
0.196178
-2.332827
2.050282
-0.641574
-1.137382
1.375571
-0.861104
-1.185228
-0.179916
0.356082
0.076853
-7.402308
-1.269213
1.071291
-0.933424
-0.616006
2.139721
1.860641
-0.226023
1.757277
-1.212348
-1.003018
0.265148
-1.121414
-1.255318
1.348961
-0.055922
0.757862
-1.677584
1.222076
-0.551704
-0.449134
0.105894
0.917126
-2.025105
-0.522038
0.022371
0.381726
-0.264916
-6.547030
-0.786052
0.164309
-0.540558
0.525780
3.208594
4.686121
1.907711
-3.587655
-0.526899
-0.222460
-0.738037
-3.154485
1.080500
5.008796
1.913305
-4.320014
-2.713024
-2.659545
0.531764
-0.519127
-0.018597
-0.813876
-2.843712
0.618676
-1.535198
0.675756
-3.558193
1.787884
2.972414
0.668154
-1.296040
-0.737921
-0.657170
0.403243
0.719026
0.091705
2.542642
1.540310
2.639357
-0.493699
0.667895
0.559874
-1.851508
0.341837
0.793993
0.450682
1.931578
0.377587
-4.133126
-0.511798
-0.701612
0.082646
4.197461
-0.284501
2.364376
-3.560858
-0.513964
0.297214
-1.381926
-0.234001
0.365566
-1.025468
-0.320562
-0.621074
2.262638
-0.300107
0.262257
3.708378
0.392633
-4.906620
-0.416158
0.376727
1.667808
0.737661
1.414520
-0.315065
-0.639103
-2.647757
-0.665400
-2.008339
187.256033
3.157320
0.857605
2.876931
-0.481524
2.212426
0.069422
0.568583
0.312966
1.690090
-0.515157
-2.623082
-0.129833
0.873372
0.596306
-3.105955
-1.454439
0.522221
-4.179284
-1.445264
1.227367
-2.933521
-1.064532
-0.735184
0.489654
0.159163
-0.264479
1.854374
0.089824
0.220384
0.485254
-1.298216
-0.834406
0.287747
-1.127833
0.952455
-3.008565
1.260836
2.787719
-1.665878
-0.733584
-0.499942
1.161056
-0.482790
-10.499405
-0.148595
8.499082
0.153550
2.118709
-0.073229
-0.100755
12.811307
4.240507
2.511235
1.477476
-1.747758
-3.163224
-1.260105
-1.195484
-1.189064
0.953659
-1.136821
1.451904
-1.827900
0.620888
-3.942828
1.012490
-0.331011
0.937933
1.825605
-0.004042
0.358527
2.837789
0.051508
1.499065
3.120378
-0.368075
0.309802
2.017768
-0.990872
-0.593031
-0.185588
1.360697
-0.633807
-1.292658
-1.638655
0.668390
2.303028
0.586876
-0.874510
0.831225
0.541575
1.107891
0.403341
-3.060032
0.766658
-4.480603
1.019207
1.547850
-1.349052
-0.369520
1.227297
2.082334
-0.260300
0.264748
-0.553076
-0.324065
0.410820
1.303654
1.608930
0.799109
0.016956
1.541316
-0.676329
-0.559323
0.142727
1.706642
-1.513098
-1.142051
1.489090
-3.570832
2.478704
-0.451432
-1.389858
-1.856645
-0.108841
-1.336085
-0.896786
-1.028827
0.915536
0.933861
3.031898
-6.400762
0.375870
0.845052
2.203169
0.494475
-0.574766
-0.133543
1.756156
-1.632215
3.331162
1.053356
-0.323649
-1.906291
1.196673
0.804521
0.800076
-2.532001
3.250818
-1.030806
-0.585438
-0.079087
-0.296870
-0.674484
3.092127
-3.552648
5.740146
-1.451652
-1.239902
0.179767
0.399696
0.268713
0.283148
-0.524546
-0.224035
0.192863
-0.608786
-0.020451
14.787144
0.488430
2.069332
-0.735788
0.411015
3.028819
-0.319849
0.765538
2.797512
-0.367146
1.746075
-3.085461
3.231503
-0.557196
3.903127
0.502672
-2.821086
-0.100728
-5.385278
-3.056888
2.389680
-1.936356
-1.019579
-0.484164
-0.843078
2.107369
-1.106193
3.265306
-0.466129
0.018278
0.427585
-1.623384
1.317581
1.530392
-1.038460
1.468850
-5.035787
-1.217575
0.015029
0.874613
2.974380
2.137061
1.742910
1.185769
-0.434652
0.950377
1.310304
-1.175408
0.524569
-1.324974
-0.978455
0.116428
-0.794760
2.505978
-0.256657
-0.398119
1.771855
2.295329
-15.265823
0.773797
-2.853077
3.407567
-1.678619
-2.036499
0.630997
-1.089539
1.739197
0.808746
1.036118
-1.766517
-0.589293
-2.418498
-0.319883
2.886358
-0.262668
0.842265
14.026924
1.198714
2.645253
-1.634283
-0.311793
-4.830319
4.625517
-16.924808
-1.870732
0.591891
-0.667869
-1.473175
0.327995
-2.146601
-0.189083
0.494144
-0.886434
-3.724251
-0.162463
9.527961
-3.199531
2.761669
-0.275211
0.203406
0.437415
0.008885
-0.479524
1.503925
0.494938
-0.600968
-2.404241
2.348516
-0.822037
-1.685572
2.693082
-0.279828
0.403202
0.003025
0.096632
-0.659976
-4.727093
1.711914
3.241718
1.452159
0.709017
1.887507
-0.208474
1.642310
7.317532
2.772722
-0.220026
-1.023408
-1.272346
1.707776
-0.643956
-0.013768
-0.391924
-1.313472
0.712704
0.934890
-0.698366
-0.976459
4.158461
-2.159336
1.500586
-3.130443
-0.772602
1.258123
-0.085238
-2.832901
-1.439994
-3.430506
-1.845332
-2.009476
-1.064886
-4.400606
-0.977178
-1.118632
0.135381
-1.600019
0.978856
2.902909
-2.141488
-0.822866
0.692250
-0.356829
0.969182
0.214955
0.342389
-0.250873
-0.595699
-0.813741
-0.126091
0.795793
-1.083398
0.869033
-1.432708
0.224527
-0.481528
-1.358419
-0.943300
10.956656
-0.325677
-1.297147
-20.724020
-3.079231
-0.239009
-0.042603
0.631161
1.456388
-0.087331
1.040677
1.407053
0.812158
1.613766
-0.233912
-1.312411
0.520527
-0.179077
-0.128129
-0.013503
-0.740114
-0.531004
1.123835
0.186851
-0.982799
0.604069
0.877839
0.405382
3.655762
-22.615163
0.361293
-0.863679
-2.950558
-1.443901
1.288607
1.071683
-0.099899
0.585366
0.886698
-1.210976
-1.595287
1.939951
2.800395
1.039544
1.190990
-0.927907
0.809710
-0.144793
-2.451689
0.643088
0.293941
0.680580
0.632677
-0.700850
-0.945415
1.940000
1.096482
-0.130894
-0.907675
-1.484309
0.224127
7.341854
-0.769441
1.392783
-0.460602
-1.522938
-2.856989
-5.654569
-5.896112
1.164262
1.192745
2.625443
-2.052399
0.661907
-0.039328
-2.308708
2.103800
-0.211291
0.897357
1.823072
-0.015188
-0.105570
-1.020238
-1.048871
0.366622
1.426771
9.018385
-0.596147
-4.677343
0.773703
-0.081623
5.469226
0.316440
1.991611
0.818433
-0.402826
3.994984
0.108808
0.536233
-2.439790
-1.197075
0.012986
0.525265
1.630612
2.716298
-3.253685
-2.373070
3.080775
3.081299
-1.346435
-1.565337
1.032403
0.085439
0.974819
-0.459973
-0.520414
-1.421480
-0.746965
2.879174
0.803611
-0.050685
-0.425098
-1.334961
1.226164
0.583686
-0.484008
2.710784
1.406880
-1.472611
2.226430
0.843416
-0.369538
0.096370
1.929196
2.298375
-1.864469
-0.685761
-0.716054
0.884757
0.165690
-1.574105
-3.638604
0.096276
0.278958
1.162571
0.483741
1.191211
0.034168
0.021974
0.177459
-0.557443
1.929829
0.557757
0.885512
-0.011666
-0.879565
-0.207989
1.306938
0.421336
0.489514
0.284823
-2.290791
-3.460354
-0.325899
0.921224
-0.201522
-9.186975
1.968981
-0.246114
-1.137242
-0.537291
-4.581596
-1.253917
0.870300
0.084466
0.312674
1.229294
-1.650624
-0.833733
-0.692169
0.327147
0.164955
-0.092120
6.434983
1.139031
2.602402
0.016358
-2.782642
-0.105340
1.328249
-0.780243
-1.269392
2.165241
-3.307169
-1.246717
1.568266
-0.156757
-0.586322
4.419096
1.880208
1.937023
1.958274
1.499206
1.196009
0.902980
-1.594377
-0.643064
0.198532
-1.146291
-0.951086
2.784373
1.040227
3.167355
-5.297674
-1.275508
-2.657146
1.382611
4.517035
-1.623671
0.441374
-0.874903
-0.227415
-1.138054
0.064483
0.506080
-0.316567
-0.239579
1.116144
2.997079
0.209654
0.519841
0.810809
0.403379
1.541548
-3.447125
0.934170
-0.938419
-0.242718
-1.301347
0.677941
-0.964282
-2.699218
-1.744809
0.223624
5.832754
-0.752015
3.571552
0.702834
0.688537
1.660318
1.087325
-2.273511
2.195857
-0.385892
0.155424
-0.062137
-0.835480
-0.758086
-3.647022
1.281803
-4.193820
-0.313059
1.135242
-1.659266
2.668667
-0.162218
-0.876238
1.261444
-0.425170
0.157017
1.679336
-1.326718
-2.084588
-1.735474
1.208129
-3.279943
-1.837578
-8.625489
1.117732
-0.338236
3.456131
-0.368127
0.129515
1.999793
1.210484
0.236175
-0.197655
0.913280
-0.837016
-0.145049
1.861826
-0.245319
8.725205
0.009478
-0.911235
-2.448675
-2.491423
-0.262192
-1.032335
-3.674124
-0.105957
1.355461
0.396778
-3.157688
1.577024
0.286029
0.846046
0.225409
0.406564
1.227416
1.900962
1.567274
56.516438
-1.009993
-0.002679
7.292283
0.951809
-0.748805
-1.330830
-1.755106
0.046530
-0.671531
-4.135272
-0.462802
1.265639
0.045775
-1.632251
0.506761
1.199041
0.149162
-1.205059
-0.149266
-2.501369
-0.325186
-1.402292
-0.488380
-1.051098
-0.027901
1.462295
1.600832
2.534778
0.444257
4.108529
5.341185
3.964039
0.873519
-2.204895
1.783608
-3.639120
-0.011720
1.551675
0.169124
0.179785
-1.966870
0.076521
0.054799
0.488634
2.147152
1.059473
1.466430
-2.090345
-1.371429
-0.034556
-1.036747
0.891682
-0.572208
0.487887
-0.637687
2.440242
0.358723
0.008909
0.324977
0.536416
1.344535
-0.129485
3.445525
0.046191
-0.436284
2.202028
0.662779
0.964701
-3.590094
2.525564
2.363734
-3.937774
1.424269
-2.222119
-1.028699
0.537245
0.806667
0.705934
0.252632
2.156518
2.894203
0.767335
-0.539653
0.673003
2.709439
0.713140
-2.535260
0.767615
0.790961
-1.307384
-2.977686
-1.622848
-3.167386
1.209121
-1.510480
-1.749386
-0.705408
-0.329759
-2.062811
2.366524
-1.060912
-0.874508
-0.194161
0.165190
-0.946290
0.322102
-0.483201
0.284805
0.414376
-1.626043
2.582267
-0.034731
2.027695
4.345588
-1.332218
0.820230
-0.758035
1.859916
-0.679106
0.659097
0.250085
0.913316
-0.727986
0.417994
-1.327627
3.014025
-4.829614
-4.960472
-1.585849
-3.859087
1.403925
-0.061850
-0.346441
2.007871
-0.047721
-1.286032
0.966569
-1.445000
1.066284
-1.296164
-0.609518
1.533158
-0.068901
-0.146444
-0.472243
-0.862460
-0.606167
-1.264755
-1.989532
-0.665090
-2.395284
-3.163987
0.315005
-1.229786
0.616111
3.058725
-0.195816
0.490983
-0.334425
0.300960
-1.343143
0.049962
-0.601482
5.597217
-0.657314
-0.462584
1.713636
3.464968
1.985206
-1.236226
2.599844
-1.120625
1.023302
1.024884
-0.016644
3.551220
0.220210
0.223227
0.406643
-0.280794
0.764476
-1.950489
-1.586322
3.888932
0.505575
1.616802
1.472749
0.002520
3.782919
-2.454462
0.156330
-2.122566
-0.939868
-2.184400
-1.057685
0.011202
2.136823
-1.497453
0.731097
0.675465
1.499313
1.304399
1.299023
-0.655876
1.530489
-1.830428
-2.222078
0.354107
-1.497434
0.184398
-0.813255
-0.758318
0.181041
-0.724461
0.051071
-0.505594
-0.250596
1.757439
-2.095627
0.466696
0.771303
-1.291101
0.054654
-0.307862
0.535469
-1.642810
1.065672
-3.438587
0.120309
-2.426274
1.782362
-0.937311
1.301276
-1.211518
-4.284512
1.370566
0.527163
0.795318
0.370934
0.518035
1.313454
2.693331
1.036139
1.204285
0.568829
7.241333
1.630615
2.451497
0.973956
1.001206
-5.954145
0.066267
0.908675
-1.018842
0.167150
0.696747
1.385982
0.157562
0.283987
0.692452
-1.348586
-0.396936
1.870632
-0.213378
-1.122525
-2.506740
-1.823180
0.029701
0.907480
0.188828
0.215674
0.691427
0.873836
-0.067977
0.439051
1.453325
2.428196
2.630912
-4.875192
0.851563
-0.049231
0.661490
1.308129
-1.068273
2.131335
0.579428
-0.679015
0.869650
-0.748209
1.786287
-4.074408
1.363973
-1.875492
1.029164
-0.399340
-3.313907
-1.510061
3.079510
4.002979
1.340986
0.776366
-9.306479
-0.222892
0.738976
13.763016
0.179078
1.343798
0.517269
0.341107
-0.436979
0.320482
-0.717819
0.319975
3.038367
0.414941
1.337991
-0.071509
2.974841
-1.603339
-3.533576
-1.374006
0.750705
0.045655
-0.819534
0.354538
0.456057
11.855876
-1.054161
-6.262975
1.253301
-1.402751
-0.132468
0.431735
1.941493
6.117162
0.798221
-1.168640
-13.223602
0.488668
-2.820551
1.417921
-4.256035
-0.037077
-1.224556
0.399677
1.461745
0.305305
2.920501
-0.498726
-1.747779
-1.279618
0.230076
2.382899
0.679058
2.582836
0.674659
-1.627099
-1.337777
-0.368637
1.202450
-1.508826
1.302657
1.387392
0.014809
0.445930
-0.270206
-0.302638
-1.449383
0.327086
0.065889
-2.866392
0.199427
-2.050943
-2.025395
-0.438135
0.799512
1.261115
0.841789
-2.308205
-7.645071
-1.476793
-2.810073
-2.142602
4.081261
0.302759
-0.567862
-0.216222
-0.158186
0.416563
1.989884
-1.437712
0.151341
1.664701
-1.712018
-0.401280
6.328013
1.397545
2.871173
-2.771520
-0.398768
-1.160223
1.992654
-2.184627
0.846373
-0.417096
-3.848148
-3.406420
2.865025
-1.378965
-0.025705
-0.295957
1.165819
0.454468
-0.128168
2.055420
0.179541
0.516644
-4.671350
0.369418
1.581154
4.279522
0.776965
-1.040270
-0.499977
0.833352
-0.407534
4.912286
1.335764
0.817153
-1.331083
0.083850
-0.926446
3.384681
-1.584964
-2.887618
1.356197
-2.123536
1.372522
0.793590
-0.166008
0.762830
-0.993501
-0.699241
-1.021506
-0.862607
2.153584
-1.167949
2.446935
0.411073
-0.862836
-0.082433
-0.236360
0.703141
-0.327972
-0.911728
0.904792
3.414254
0.993520
0.897823
-0.479098
0.061606
-1.209521
-0.123231
1.528300
1.169782
-0.900859
1.527499
-1.281386
0.862295
1.533542
-0.460347
0.250249
-0.928686
-0.855540
-1.933615
1.318111
3.052475
-3.809913
-0.689548
0.719868
-1.090608
-2.389492
1.037685
0.404425
0.356251
-0.589455
0.651051
0.067757
0.727464
3.453607
3.439044
3.179738
-2.273572
0.563872
-1.921801
0.878511
-0.365108
2.104158
-1.807099
0.565375
-1.045777
-1.414894
0.100441
-0.602736
-0.097228
-1.494706
-0.148126
-1.716274
-0.351853
-0.267425
-0.578511
-0.562306
-0.635538
0.925019
1.140394
0.519710
-1.291366
-0.711441
0.185250
1.190582
1.031676
-1.881544
-1.773151
0.333029
-1.375872
-1.486247
-1.761894
-0.080641
0.878400
0.103774
-0.081557
-0.466240
0.001848
1.057416
0.875508
0.825194
-1.687785
-4.061566
-0.705071
-1.107311
-2.056485
-0.612179
0.433999
3.243940
0.387117
-1.561246
-0.400626
0.211548
0.134111
-2.049851
-0.504291
0.394458
-2.619561
1.596644
-0.026598
-0.478095
1.416974
0.655382
2.729466
-2.646441
-0.180312
2.146735
0.172360
0.583883
-1.138719
0.940116
1.769480
-0.017684
1.202367
-0.501584
0.623823
-0.553840
0.253502
-1.712154
-1.372317
0.495249
0.098689
0.462272
-0.987425
0.228561
-0.059834
-0.882240
1.017338
3.285009
-0.977873
15.300292
-1.038376
1.656184
0.609191
0.124205
-0.201382
-1.685310
-0.390726
-1.046384
3.462560
-1.045438
1.837940
-0.650996
-0.820052
-0.817203
0.705600
-0.907594
-2.453179
1.710819
2.521354
5.080523
0.920286
-1.122380
0.440310
2.124084
-1.274595
-2.493882
1.491372
-1.158309
-1.557397
-0.530819
0.143968
-0.116977
0.257485
-1.168961
-1.708385
0.621162
-0.604216
-7.703195
0.056349
-1.982254
-1.757566
-0.850290
1.846280
3.037776
0.396444
0.306556
-2.435800
-1.020602
0.090573
1.718233
0.903868
-0.726464
0.895447
-0.386782
0.692964
-2.011318
-0.952533
-0.137760
4.285440
-1.251857
-0.331467
0.233158
-0.772544
-2.857933
7.145520
-0.624071
-0.558441
-1.131125
-12.281370
0.458198
0.050877
5.780238
1.505835
0.829897
-2.695488
0.185604
0.055221
0.787878
2.515434
-0.927272
-0.437488
-1.253135
0.261161
-0.067745
2.501075
6.505255
-0.390133
-1.733322
0.542999
3.444529
2.400557
0.895785
0.718362
-2.217323
3.098685
-1.240183
-0.978291
-2.824622
-1.080039
0.938716
-1.975669
-0.557448
-2.922356
-1.131063
-1.109473
1.153597
0.335093
-1.243401
-1.262799
2.627338
1.268704
1.577731
1.179024
0.635128
0.737685
1.252737
-0.440035
0.948566
-0.935029
4.695058
-1.739148
-1.395542
0.913415
2.174820
-0.320686
1.268428
-0.253119
0.611290
-0.368161
-1.545951
0.185779
-2.518776
-0.722210
1.531314
-1.621415
0.176104
-0.668823
-16.922818
0.676207
0.107726
-3.135508
0.317035
0.276557
-0.228662
-2.084636
0.490204
0.719689
0.439007
0.092363
0.549395
0.697184
1.123653
-0.385046
-0.138047
-0.737818
-1.841266
0.435182
-1.831121
6.931845
0.589194
-0.568965
3.403816
-0.531607
2.123348
-0.882109
2.650172
0.051835
-0.130050
-0.675327
3.045924
-0.782434
0.434146
-2.352864
0.963427
-1.006024
8.808344
1.307616
-1.393665
-2.579671
-3.089472
-6.646174
-1.531902
1.099329
-1.089715
2.947025
0.471710
0.390636
-1.266369
0.788467
-2.644735
1.938974
59.552299
2.309169
0.647330
2.203615
-1.103932
-0.336198
7.125056
0.452170
0.136462
1.697277
0.185148
-0.480992
1.348273
-0.389271
1.743924
-5.891686
-0.243212
0.746082
0.665059
1.963445
2.784235
1.172472
-1.889778
0.876002
0.571693
0.809857
0.488194
0.187576
0.956007
-1.478266
-2.218801
-0.011144
-0.277452
-0.723143
-0.235563
3.230511
-0.799476
2.629060
16.584600
-2.842237
1.435864
-0.037484
-0.438993
0.478636
3.327435
0.486891
-0.263772
0.081906
1.221644
36.013740
-0.653953
-1.306547
-5.994067
-0.103319
-1.917359
-0.988329
1.476520
-1.761237
-0.905468
-1.480144
0.220886
0.433617
1.211704
-0.357603
-14.675047
0.512777
1.056972
1.082029
1.322038
1.044446
-0.860357
0.157685
0.346154
0.601508
-1.090706
0.235669
-2.092918
-1.712956
-1.237161
1.013088
4.528249
5.455552
-1.880010
-1.976786
0.190429
0.038397
-2.063525
3.773573
4.430656
-2.209588
4.461459
-0.631230
2.835674
8.777852
0.879265
-0.143583
7.422791
-1.564939
1.728499
-0.039031
0.595531
2.384762
1.334615
-0.539831
1.884153
0.411140
-9.041332
0.205162
-0.005696
3.587020
3.075822
-2.870670
-1.431907
7.878165
-0.487287
-1.195510
0.364618
21.299705
10.146751
-1.681142
-1.228362
2.219196
0.422257
3.790497
-2.146458
-0.196388
-0.781975
-5.229554
0.105048
75.261507
-0.081716
-2.154185
-0.936088
-8.483017
-0.144516
1.108170
-2.037922
-0.056021
-2.476093
-0.998654
-0.003444
-0.312140
-4.341963
2.059712
0.381209
0.740089
0.648749
0.135568
-0.313527
-0.696619
1.941232
0.073772
0.069895
2.129146
-1.255114
0.451188
-0.081381
-3.216273
0.174247
0.101960
1.031847
1.065672
0.163676
1.038435
-1.446064
0.970340
2.134070
-0.919586
-0.653027
-6.716954
-0.336597
-1.241502
0.320203
-1.738212
-1.010308
-0.777486
-5.857141
-1.620914
1.199154
-0.704232
-1.419105
0.354390
1.228092
-0.366087
-1.908879
1.602054
0.509178
-0.689889
-2.041854
-0.250896
0.271449
-0.362294
-0.093130
0.625193
-0.512138
-0.362734
-6.023217
3.959755
1.215829
-0.308155
2.809939
-2.958108
1.398450
0.405554
-6.965305
-1.158831
0.778742
-0.329359
1.227478
-0.494290
0.625068
-0.523183
1.079855
-0.249519
-1.952343
0.207940
0.517007
5.357667
0.736971
0.676175
0.522784
0.866080
0.345905
2.691378
1.493491
1.530735
-0.515828
1.489888
-0.862229
1.262673
2.358659
-0.077334
-0.257225
-0.530174
-4.090219
2.504927
1.869044
1.564646
0.043845
0.752306
-0.122446
-0.664562
0.541517
1.605811
-0.311254
-8.542803
-0.155060
-0.964323
3.229757
-0.619334
-0.090017
0.066582
0.577808
-0.789335
1.168205
2.167243
1.749652
1.198987
1.330076
-3.960768
1.057188
1.185247
0.828193
-1.192015
2.271872
2.457408
-0.792185
-2.672096
-0.067964
-2.973517
-0.614663
1.473637
0.476480
0.032605
-0.812564
-0.455580
1.366577
0.129486
0.012179
0.662035
0.579774
-0.021195
1.257586
0.949961
-1.406349
1.063766
0.404561
0.185655
-1.218879
1.213145
-0.487772
0.377522
-2.680216
-2.848753
0.783739
1.487518
-2.914346
-1.372220
0.782344
-0.004822
-0.075765
0.800143
-1.837411
0.123753
-2.665912
-1.092273
1.997211
-0.103255
-0.869593
-0.557943
-16.373769
0.161341
-0.294280
0.558040
2.290905
-0.650152
-14.162401
1.296049
-1.010492
1.120591
2.556775
0.745562
-0.141048
-0.532831
0.047015
-0.326796
-0.133094
-0.820416
-3.040231
-1.721035
0.258264
1.535148
2.487047
-1.027753
-0.286220
-0.122757
1.016756
3.441976
1.492413
-1.761185
-0.212859
-0.281339
0.321793
-1.082681
-1.112145
-0.693389
-0.492533
0.076702
-0.459288
-0.334904
-1.980055
-0.153038
-0.944372
-0.910471
0.702388
-3.911896
0.310232
-3.757075
3.466896
-6.120248
1.844190
2.150733
-8.009586
5.529766
1.380304
-0.211906
0.646237
-1.052108
0.360383
-2.777556
2.922117
0.403514
1.498100
3.804556
0.274511
-0.408552
0.437335
-0.198340
-3.016927
-0.610900
-1.610010
-0.937758
0.740823
0.636335
-0.085948
0.163511
3.077246
0.763001
0.647523
-0.901008
0.238297
-0.440448
0.700512
-0.245161
-0.807172
-18.946830
0.936959
-0.712566
0.806553
-1.786801
-0.017642
1.889658
0.482404
-0.830521
-0.444922
1.094668
0.142812
-0.717484
0.059924
-2.558298
0.731225
-0.768891
0.906731
-1.337172
0.665665
0.244443
1.901234
-0.498557
0.591495
-0.546156
1.141795
0.269239
4.012077
-0.528579
-0.670333
-4.467300
-1.544103
-0.013674
-1.278692
-3.932268
-2.630760
-1.380180
1.158460
-0.341242
-2.377415
0.412057
0.779571
-0.032638
-3.136182
-0.349651
0.301211
4.055723
0.461780
0.384625
0.768052
0.758772
-0.376508
0.229934
1.496141
-5.940295
-4.894762
2.625307
0.190371
-0.608278
-1.066972
1.941657
-0.622556
0.367334
-0.110188
-1.450999
-2.120268
-1.030504
0.727421
0.045923
-0.293696
0.425571
-0.330574
0.673300
-0.545572
-3.096348
-1.157159
-0.710677
0.908438
1.541293
-2.131622
1.659744
-0.969319
1.071785
-1.176719
1.144699
-8.657182
-1.434319
0.888304
-0.685873
0.293606
1.232615
-0.115954
-0.544524
-2.948473
-0.075338
0.604500
0.602598
1.592141
0.914424
-0.538202
-0.755831
-0.043653
-0.878045
1.754545
-0.185903
-2.526133
1.552671
1.373579
0.080455
0.738749
-1.852428
-2.066552
0.274624
-0.168585
0.859903
0.668923
0.069271
0.621997
0.561877
1.112590
1.862736
-1.455448
1.539579
0.140633
-0.585485
-1.516367
-2.102721
-0.717921
-1.876208
-0.388468
0.095823
-0.491613
-0.501299
4.068570
-1.713957
-1.381541
1.067904
-0.834223
-0.774631
-0.829975
4.982915
0.308088
0.006392
0.650066
1.550398
-0.996682
1.246577
-3.389195
-1.083756
1.923958
-1.511704
0.445882
-2.457386
1.267828
-0.212863
-4.937423
-0.459124
-2.539827
2.361136
-1.386112
1.220571
0.878718
-0.515878
0.402047
2.148310
-0.541830
1.322979
-1.968776
-1.691469
0.005189
-1.190065
3.974597
0.867724
0.292952
0.781967
1.932946
-2.554627
-0.658903
0.751983
-0.474008
0.689762
1.981555
0.483235
-0.570438
-0.240594
-0.886226
-1.927459
0.378975
-3.451899
2.252881
-1.070731
-0.159146
3.892250
0.580314
1.586206
-3.167564
-1.226759
1.482743
1.984701
0.410712
-0.029673
0.654199
0.286300
-1.879049
1.433027
0.683400
0.211678
-1.831712
-1.700581
1.825088
-0.578454
4.397596
-0.013346
-1.557876
0.566395
-0.072903
0.899468
-1.598161
-0.135090
-1.438870
-0.765847
-1.024446
7.971293
-11.000417
-1.691061
-0.176854
-0.150623
0.403993
3.297970
-1.805957
-2.256189
0.848536
-3.045463
-3.001418
-0.939763
-0.032576
-2.481790
-0.298563
1.518164
3.752439
-3.671777
-6.288843
-2.195617
9.133011
14.864589
1.275195
-0.991267
-0.068323
-0.079050
-0.531305
-1.177895
-2.035011
1.803814
-1.004333
-0.231047
-3.263081
1.416276
-1.200538
-1.141014
-0.036514
0.468419
-0.255450
-3.361197
-0.074520
-0.769817
1.443368
-1.004651
-0.358944
-1.412223
-0.997098
0.309925
1.530825
0.518257
0.969967
1.728355
0.612774
0.062199
-0.054685
1.997640
-0.108031
0.630126
-0.919660
0.088227
-0.005566
-1.940024
-0.088404
1.388626
2.359845
0.785826
1.697764
0.098437
3.871016
-1.516228
-2.063544
-1.042451
2.273202
2.807297
1.006997
-0.039505
1.012520
0.345401
0.446697
1.135097
-3.105636
1.628812
-0.682646
-2.386785
0.058334
-0.251490
-1.437466
0.442614
2.389732
0.159408
-0.259631
-0.244978
-1.994730
0.179486
-0.471646
1.864610
-2.120771
-0.556295
2.193938
1.996902
1.722073
3.072219
0.577852
-0.274326
0.330480
-1.207046
0.522447
1.341844
1.187829
0.940653
-0.400086
-2.324642
2.204081
0.463495
-2.418009
-1.564816
-0.798011
1.178340
1.118425
2.422515
0.328740
1.566846
1.629130
1.275120
-0.689106
-1.965858
-0.535525
-2.226140
-0.856948
0.755204
-0.109391
-0.871550
0.246120
1.306797
-0.101312
1.575829
0.810071
-0.212399
3.017176
-0.110491
0.608528
-0.389172
-4.293093
-2.409960
3.546867
0.166134
-1.511035
2.210426
1.498897
-0.586848
0.366317
0.324521
1.404337
-0.915388
-2.414728
0.519698
-0.263538
0.274319
4.651392
-6.288714
1.846606
-0.179272
-1.869228
-1.818833
-0.118963
-0.319134
-0.946307
4.355482
1.388393
1.390527
-0.266299
-2.549770
0.979476
-0.776720
-0.003286
3.252820
1.148919
-0.042857
1.356066
-1.449647
-0.228456
1.664370
1.143301
0.172141
-0.504597
24.558587
-1.777398
-0.572714
-3.584832
-1.015258
-1.711845
0.507132
7.902522
0.999960
-1.759469
0.275721
0.446222
-0.460670
-0.749834
0.044854
0.523223
-0.194979
1.468965
-1.378120
-0.839949
6.053132
0.422368
0.714554
68.649972
0.179108
0.754492
-0.863685
0.087258
-0.286839
-0.873016
-0.119848
3.944610
-0.386329
0.449949
-0.898329
0.390654
1.337331
-0.221773
-3.981347
-0.471832
2.165987
-0.715171
-0.259591
-2.906239
-0.446054
-2.597804
0.684846
1.006175
0.061965
1.945149
0.325995
0.676487
2.464836
-0.424776
-0.150818
-0.743392
-0.360258
-0.773322
-3.140780
-5.044444
-0.601354
-3.008800
-2.126458
-0.717403
0.977083
0.182959
0.252871
-0.200317
-1.779084
-0.019923
-0.873700
-5.484123
0.756901
0.204783
-0.277054
-0.228388
0.654477
0.534222
-0.958703
1.013263
-1.623988
0.572387
1.070116
1.104952
-3.761607
0.721607
2.446209
1.878106
1.762186
-0.477357
-0.375333
1.648213
-2.085305
0.274262
3.139224
0.072118
0.504692
1.015425
0.798758
-2.647462
-0.420316
0.023278
-0.383512
-1.264643
-0.925410
2.014691
-2.159177
-0.491368
-1.912938
-2.303974
-1.408320
-1.330642
1.489762
1.075037
1.560683
-1.007616
-2.536453
-1.116082
0.094413
1.004661
0.491593
0.002060
0.554879
0.605872
2.518012
-0.488031
-0.938907
-0.318343
-30.666937
-2.961411
1.498850
-1.048717
-1.216092
-0.308440
-33.067229
0.083673
-0.389159
-0.439182
1.235124
-2.136473
-0.073930
1.123384
0.165750
-0.881273
-1.466468
1.115251
1.964590
-0.411611
0.892560
0.661100
-1.796458
-0.579159
2.330158
0.468167
-0.575184
-1.201059
0.964626
-1.904561
1.303538
-0.520860
1.682655
0.433372
0.322915
0.080496
0.059239
1.368984
-1.192802
2.834553
2.175478
-1.281532
-0.277066
3.633634
9.172603
0.045700
-1.731392
0.533623
0.464693
1.442692
-1.381327
1.360390
0.536915
1.312208
-2.717056
-0.025731
0.915989
3.240914
0.426100
1.154147
-0.034815
-1.593071
1.774871
0.657051
-1.842132
-0.082595
0.732184
-0.353799
-0.546153
3.643760
1.291188
-1.502868
-0.772307
-0.015292
-1.168398
5.571586
1.888270
1.145393
-0.279534
2.851498
-0.209731
-0.214120
1.413306
-0.202594
1.279748
3.872362
-6.962514
-0.905079
0.328386
0.658762
1.589598
1.355629
-2.435867
1.013252
-0.472382
1.847289
2.800479
-1.831790
-0.845123
-3.016736
3.549695
3.551163
0.153634
0.525689
0.982869
1.590478
-1.022978
-0.545649
0.786247
1.104951
-1.540617
-1.508685
0.343901
-1.140168
0.247268
2.953470
-0.097198
-1.210301
0.763735
1.304418
0.212636
0.247171
-0.858184
-1.172153
0.967612
-0.053308
0.401224
-0.884999
-1.848871
0.002032
-9.420805
0.800077
3.230935
-0.774327
1.373375
-2.233766
0.232099
-0.247410
-0.212321
1.811185
0.004572
3.121621
6.118453
0.186964
5.375525
-0.861525
-1.103400
-3.380413
-0.550195
-1.878374
0.314646
-0.525713
-2.423230
0.292593
-0.077089
0.413192
-0.756545
-3.035788
1.558210
-0.899890
-0.280172
0.668946
-1.355781
-0.323430
-0.378317
0.888879
-1.803035
1.220788
-2.525683
0.972711
0.195561
0.109502
0.015135
-0.408759
-0.518792
-0.192542
-0.604789
0.217529
-0.187633
1.802468
-1.774877
0.877224
0.947168
0.615668
-0.011011
-2.059438
-2.636530
0.015900
0.352378
-0.302743
-1.759964
-16.591128
-1.464447
-1.140923
-1.412709
1.498957
2.742804
1.202076
0.542726
-2.243029
-0.693723
-0.997732
1.201276
3.662356
0.605558
1.148053
0.109322
-1.310070
-0.086238
-2.493713
-0.879586
1.489887
-0.153074
1.163053
-0.442154
-0.282967
1.381014
1.350687
0.871395
0.251311
0.828849
1.277931
0.186054
-1.632392
0.491471
-1.827782
0.338575
0.243290
0.431167
1.292510
2.695824
-2.542718
-0.726897
-0.126549
-9.017923
-1.650255
0.722054
0.123930
0.725829
-2.958081
0.554078
1.181254
1.499777
0.639818
-1.947804
-0.923037
0.376590
0.684171
-3.713962
-0.417101
0.497149
-1.167966
4.965779
2.277520
1.700720
2.179186
0.742125
2.124500
-0.000173
-1.883088
1.212723
2.399244
-5.376932
0.173775
1.439941
1.386435
-1.342954
0.856649
0.563308
-2.843877
-1.240160
0.042267
2.024176
3.703168
-1.024779
-0.320214
1.290316
-0.351336
-0.486379
-0.072400
0.816022
-0.395661
-0.802556
1.705572
3.574720
1.091079
0.422209
-1.349338
0.565295
-1.445385
-0.006587
0.216357
0.104474
-2.379943
8.152849
-1.218008
-1.868066
0.193484
-0.143870
-0.743946
0.251754
-0.796883
-2.707801
2.496875
-0.093039
0.176659
0.909546
-0.165593
0.770896
-0.232045
-0.342745
-0.633066
0.417475
5.908819
-3.252794
2.011848
-1.547075
-0.135065
-0.042898
-0.438747
0.913588
-0.180833
-1.103849
0.452378
-0.605773
-3.273896
-1.193366
-0.171472
-2.381246
-0.840791
-1.220015
1.091719
2.761070
-0.908281
0.059661
-6.146662
-0.749682
-0.172776
-2.009999
-2.041359
1.407790
0.794050
2.711587
-0.673870
2.587172
-1.575284
0.313353
0.744666
0.024856
-0.969933
-2.590425
0.737840
0.797399
0.893022
1.053769
-1.918946
-0.479881
2.750370
-1.797326
0.569925
-2.555727
0.396484
1.763815
0.139477
0.140859
2.836665
-1.443118
0.809572
-0.398802
-0.156900
-0.008122
0.742203
0.479771
-1.428680
-2.248511
0.153882
1.988302
0.222654
0.716663
-2.223784
-1.016835
-0.398260
0.226478
-0.273208
-1.459743
-0.792801
-1.356599
2.404510
0.724908
1.456814
-1.591409
0.480880
-0.536729
0.939495
1.693909
1.835122
3.704663
-0.913409
1.816329
-4.389482
2.014697
-2.688485
-1.000965
0.093112
0.804986
-2.066710
0.093565
1.009855
1.541288
-0.693383
-1.278252
2.540181
1.612188
0.087831
-1.019271
-1.022697
-2.966822
1.350327
0.879538
0.050127
-0.337977
2.263308
2.187307
0.639144
0.303910
0.062240
-0.843530
-0.639232
1.769663
-0.414098
-1.164634
-0.535823
-0.291258
-3.158178
1.018507
-0.188655
-0.185512
0.343499
-0.213984
2.583111
-0.040082
-0.372968
0.790973
-4.184399
2.096901
0.274052
3.000982
0.180945
-0.832428
-0.000199
-0.652441
-1.118521
0.597670
6.421958
1.618982
0.587996
1.504397
-0.740724
-1.307905
-1.125221
-0.866983
0.588070
-2.064018
2.721141
-0.848481
-2.599815
0.896229
1.790579
-0.457872
1.081578
-1.415236
-2.496963
0.142968
0.884774
-1.436390
-0.515747
-0.930153
-0.982504
2.072577
-1.695400
3.980274
-1.744783
-0.009716
-0.007906
-0.470316
-0.965570
-0.222283
2.139428
-0.710439
-0.379498
-5.513536
-2.412630
-0.808991
-0.100161
-4.990715
0.492173
-0.527139
0.505150
-0.448575
0.937413
-3.031492
-1.077907
-0.040050
-1.617934
-1.668134
-0.833874
6.000999
-0.416332
-6.923177
0.276453
2.391749
-1.270157
-0.520418
0.429461
-0.901849
1.445351
-1.253588
-0.699729
0.153243
-1.436079
-0.796808
1.223366
-0.756173
3.072765
9.178356
0.321742
-6.128884
-0.490875
-3.743541
-1.107856
-5.875655
-1.013437
-28.829365
2.219360
-2.005402
0.462725
0.948195
-1.432340
-0.405309
1.970817
0.928356
1.900437
-3.813908
-0.341685
0.077490
0.617593
-1.057138
-8.383745
-1.009822
-0.055895
-0.087651
1.735208
1.508050
-0.484440
-2.254727
-0.052366
0.613339
-1.923882
0.982219
0.397438
-2.234134
-0.257534
1.289740
0.176002
0.293715
1.534120
-0.347235
0.065471
-2.641865
0.998595
-2.463569
-1.986542
0.903763
0.218411
0.816769
0.035037
1.829766
-0.939766
-1.380265
-0.947068
-0.434257
-0.003200
-1.406671
-0.438680
0.388666
0.230289
-1.573379
0.003855
-0.964672
0.059741
2.290915
3.033423
0.040237
1.164720
-0.569060
-0.395571
4.250450
2.462549
2.765671
0.855161
-0.271026
-3.099849
-1.989642
-0.027402
0.930235
-1.176789
4.084652
2.900078
0.047333
0.434835
-0.609024
0.987764
0.510289
-2.568458
-0.707135
-0.384077
2.982905
0.069827
0.642155
2.359866
2.717054
-1.533430
-0.653211
1.122670
-0.774648
-0.559154
1.673701
-4.460284
0.495259
0.037072
-0.652109
-0.108470
-2.048124
-0.431861
0.131941
0.207572
-0.701932
-0.340887
1.000091
-0.511349
-2.248321
-3.068083
0.633023
-0.226810
-0.630578
-0.772268
-1.369905
0.816100
0.343488
0.407942
2.192544
-5.611080
0.641513
0.529331
-0.684041
-0.217739
-9.282027
1.626515
1.260572
16.631976
1.950117
6.866950
-1.699829
-0.024263
0.751101
1.861160
-3.083684
-0.917439
0.505222
-0.457103
-1.989998
-1.779162
-0.438981
1.810629
0.957824
-1.106951
-0.548426
-0.759959
-1.878590
0.063972
1.058636
1.262467
-0.832824
2.617961
0.648264
-3.908807
-2.424121
-1.083125
-1.454254
0.024571
-0.241138
-1.659098
-2.130259
-0.862572
0.365176
-1.721413
-2.087418
-0.609574
7.957009
0.337175
-1.171811
12.141779
-0.114889
0.703930
0.014736
-0.508691
0.475897
-0.980450
1.799879
-2.304701
1.536459
2.734188
-2.146046
5.820637
-0.459925
2.904913
-1.121959
-7.145705
0.555657
-0.013903
-1.260231
0.762294
0.727702
1.815363
-1.096585
-2.822535
0.848821
-1.262329
-5.522755
1.155070
1.941115
0.749389
0.096097
-0.655113
-0.234766
-0.588271
3.811259
-0.200318
0.878169
4.765695
0.820756
0.252825
1.747334
-2.765414
-0.153822
0.458183
-1.166336
-2.441818
0.218221
0.738307
-0.631186
0.219279
0.085407
-0.557549
0.811611
-0.204747
0.268768
0.092037
-0.239376
0.616417
-1.226328
0.248917
1.937501
-0.131833
0.040186
-0.964964
0.073487
-0.819441
-0.674882
-8.162852
0.250540
-0.272896
-0.443892
-3.202313
0.400808
2.407203
2.138697
-0.855419
0.033949
-1.218446
0.627394
-0.405746
0.517273
-0.406107
0.718375
-0.832186
0.240844
0.030331
0.467353
1.896249
-3.204550
0.424162
-1.486649
-2.709603
-1.206017
1.530129
-1.448774
-1.895987
0.828370
-3.116281
0.341488
1.320326
0.315267
-0.605815
-0.858357
-0.530969
-1.791666
5.483902
1.378418
0.293735
-0.338082
-0.549365
2.110404
2.760661
0.321443
0.356799
0.578683
2.592955
-2.274569
0.028960
-1.102474
2.169447
1.069190
0.394861
-0.683829
-1.042641
5.711933
-3.203421
-4.229758
0.641276
12.442674
0.257736
-0.412947
2.832745
-1.222001
-1.356103
-2.901657
0.811681
0.269447
1.407419
-0.020315
0.345485
2.768858
0.016349
0.293114
0.454568
-1.205859
-1.530867
-1.869062
-2.810417
11.927243
-0.953932
-1.917272
1.850074
-0.984627
-1.874180
-0.820334
0.422967
-6.661991
0.941576
1.370213
0.393471
0.818051
0.981506
1.080424
-2.923092
0.836995
2.981758
-2.722220
-0.623169
-0.861629
0.610733
1.467394
-1.911029
-1.879173
-0.704104
-1.891178
11.478204
0.008687
1.060017
-0.470198
1.377594
0.461337
0.338452
1.378215
0.808051
1.633247
1.500434
1.382152
1.734112
-2.299245
0.595339
1.961026
0.908667
-6.517602
0.461209
0.722482
-0.284440
1.002134
1.944090
1.260983
-0.567858
-1.337466
-1.034295
-1.346534
0.069901
-0.365016
2.572389
0.651805
0.017330
-1.055947
0.632332
0.510464
0.845762
-1.331749
4.861883
-1.315532
0.610165
-2.226353
5.564801
-0.000034
0.726578
0.403314
-0.913182
-1.028383
-1.558422
-0.562062
1.086399
0.660807
2.637504
-0.896284
-0.732957
-0.302487
0.775036
-0.027835
-0.394981
0.271389
0.693230
0.083565
-0.393200
2.869544
0.168754
0.428420
2.070241
0.086728
-1.456266
-0.749909
-1.612961
1.529815
0.469936
0.584415
1.896904
0.005023
0.228818
-0.625499
-0.719600
-0.138599
0.180232
0.065467
-0.515820
-3.348584
0.844304
-2.169931
0.736570
-0.610926
0.130572
-0.472033
0.999596
0.069298
-1.034634
0.140871
-1.778327
0.199601
0.856706
0.755119
2.639054
0.476554
2.560450
1.269749
1.496165
-1.858309
0.618736
-1.210514
-1.234332
0.483729
0.455272
0.869216
0.024510
-1.557182
-2.469773
1.265846
-1.392744
-0.282100
0.575694
-1.020238
-0.277299
-0.794018
0.421176
1.468596
0.174279
-0.122960
1.915430
-1.259310
1.041030
0.010495
-1.766311
-0.303557
0.427562
-3.294304
2.915639
-2.813298
-2.085414
-1.929712
-0.771685
0.220287
-0.121229
-6.207209
5.226581
-0.559121
1.354901
0.058849
2.005100
2.338037
-1.013929
-0.435664
1.282636
0.191101
-2.896153
2.767398
1.384021
1.976648
1.836061
0.334294
0.553124
1.282899
0.109847
0.962151
0.438349
1.287015
-0.261261
0.690508
2.902289
-1.944949
1.580837
0.940095
-0.510363
0.406412
-0.291699
0.233427
-2.113590
-1.442161
0.011870
-0.405438
-0.201362
1.153910
-0.468523
0.309775
0.044397
0.212951
0.238205
-3.170057
3.527626
0.279282
-0.015560
-0.614976
-1.315868
0.299097
0.372606
4.094135
-3.252433
-3.431132
0.940694
-0.182826
0.748078
1.095549
-0.736356
-0.983377
-1.425969
-0.467463
-0.506411
15.706971
0.138837
0.870662
-1.757315
0.196015
-0.029272
2.165526
-0.602649
-0.940636
2.021177
0.990267
0.037052
-1.005786
-3.466910
-1.085605
1.565495
0.587544
-32.732347
0.845771
-0.490675
0.209980
-0.709797
0.523483
1.902844
3.885271
1.923384
-0.482309
-0.078176
-0.998327
2.705388
0.398314
1.877399
-2.364807
1.579008
1.763898
-1.093987
-2.760918
0.296312
-1.173247
-1.886919
-0.400440
0.407415
8.742470
-1.106464
-1.222102
-0.421582
-0.305677
7.087834
-2.621624
-2.614029
-2.106131
-2.006961
-0.627726
0.648821
0.939021
1.541706
1.386922
0.337036
0.152548
-0.607759
0.867100
1.324072
-0.770384
-1.083373
-1.106675
-0.936713
-1.659313
-1.621096
1.155937
1.054471
-0.032102
0.544288
-2.408346
-0.585810
1.700917
0.318147
-1.391333
0.311744
0.219818
1.005244
-1.003306
-1.578793
-2.680185
-0.565016
-0.974165
1.442276
0.145633
3.881602
1.005990
-1.948147
1.697202
0.837745
2.735006
-0.151139
1.797313
1.087988
0.041954
-3.358603
-1.579746
-1.625637
-1.444766
-0.456948
-0.188277
-0.902178
-1.160925
-0.532199
3.976160
-3.499964
0.286948
0.329890
1.249675
0.867648
-0.380947
-0.439428
0.326628
-1.093329
0.969237
-0.110169
0.656369
-0.454180
-0.923108
0.637545
8.591480
0.934522
1.969235
0.154223
1.178362
-1.814550
-0.782685
-0.411220
-0.977096
-0.945719
-0.599631
-0.279200
-1.260230
-14.772255
-0.866290
2.132029
-0.898835
-2.366066
-1.065320
1.669106
-0.450576
0.369939
-0.494908
-0.893627
1.861966
-0.703521
2.628264
-0.162411
-0.350418
0.040074
-1.200156
0.796026
2.230796
1.678971
-0.465436
0.463577
0.161599
0.919606
0.195802
1.698334
-4.409920
-0.867045
2.964464
-0.081790
-3.736528
1.831727
-0.825867
-0.954846
1.385188
-1.819856
-0.478701
-1.001618
-3.137206
0.311965
-0.882348
1.411129
0.494512
-2.211668
-0.436877
0.480449
-3.350502
3.149899
1.556588
0.646833
1.416174
0.058579
-0.704246
0.593183
0.391575
0.375416
-0.057216
-1.886218
0.387183
0.782184
-0.331218
-0.232262
-1.227280
5.490160
0.382757
-0.204733
-1.200619
1.052240
2.161083
1.728686
0.080986
4.904509
-1.223433
-2.747930
0.458615
-4.707695
-0.332205
3.551701
0.928883
0.377683
0.724716
0.469444
1.961283
0.986471
1.642139
-0.402779
0.826678
1.731259
0.863000
0.251295
-4.129341
-0.523229
-1.125237
2.060688
-0.604155
1.044318
-0.321888
0.370177
2.324881
-0.796987
-9.170733
0.422195
-1.592281
-0.970167
-3.000169
0.931109
1.764341
-0.494786
-2.611111
-2.048315
0.463695
-1.900965
-0.545366
-2.441603
-1.991281
2.610906
-0.658554
0.797287
1.045614
1.880072
6.783874
1.605408
-0.266380
-5.998711
-0.606016
-2.234493
-1.642755
-0.854688
-1.058284
-1.336729
1.010972
-0.405351
0.025591
-0.937899
2.229916
3.285666
1.644281
-2.201699
2.046656
-1.372708
1.006990
0.909518
-1.005723
0.888720
1.383599
2.534507
0.861884
-0.424863
2.804404
-0.135756
0.314434
1.031597
-1.195633
0.803418
0.137771
1.309139
-0.630343
-0.588646
-1.281058
-1.457371
-0.958736
5.254702
5.835093
0.687095
0.801163
-0.583262
-10.077349
1.696205
-2.674896
8.194212
1.396180
-3.209278
-0.397299
-8.549364
-0.977822
-3.046896
0.921495
2.735248
-1.958426
-3.481553
0.359214
0.631452
-0.671505
0.440630
-0.470103
-9.023641
-2.441847
1.456859
2.185896
-1.782929
0.646029
-0.497689
0.571991
-1.527945
-0.804203
2.326910
2.624867
2.665084
2.334205
-0.799321
0.667152
-0.579792
-0.814785
-0.480562
-3.052067
-0.648612
2.211532
-1.270725
1.725826
2.039193
-0.035019
-6.797045
-0.712481
0.292465
-1.499120
-1.456799
0.871742
-1.490981
0.905829
0.585288
0.021597
4.015210
-0.571866
-100.838881
0.560139
-0.525824
0.160047
0.760794
2.823138
-0.463500
1.456686
0.668314
-2.837544
0.563790
-0.974383
2.290595
-0.456183
-1.373724
-0.217819
-1.093746
-0.376000
-0.174201
1.657269
-1.095332
-4.318751
-2.004422
-0.601160
0.937114
0.057171
1.936287
-0.586844
2.392985
-3.968423
-2.384369
-1.695191
2.109430
0.721619
-2.751530
0.376119
-2.109179
-1.364052
-2.037050
1.505375
0.574371
7.282412
-4.228967
-0.655053
-0.935582
1.274619
-3.137834
0.088423
-1.105770
-0.523799
0.592470
0.095129
-0.022290
-0.158528
-0.723752
0.418824
-1.191983
0.656578
0.097869
1.644501
-1.113396
0.160303
0.615462
-1.945902
-1.020979
-1.240803
-5.294068
-0.502712
-0.964257
-1.664238
0.606459
3.751330
2.382458
-0.245642
4.513156
-0.722480
0.402745
0.310883
1.205501
-0.282672
0.603004
0.592518
0.240237
0.861651
-0.678632
0.343696
0.996098
2.310219
-0.687075
1.374543
0.101514
-0.887169
-1.211441
0.289329
-1.042365
1.198486
1.280581
0.838604
-2.430893
1.188283
-0.594448
-1.656774
4.286682
-1.211435
0.325151
-3.558705
2.473464
10.205639
-0.918809
-4.141800
-1.611442
0.083074
1.187116
-2.222750
-2.033624
-1.260082
-0.627569
-0.289039
0.768014
-0.797836
-0.758536
-0.194462
-0.909349
0.666063
2.003582
-1.185371
1.731043
0.798527
0.366609
1.683578
-2.664951
-0.199412
-33.011916
-1.941792
1.824471
1.875901
0.689634
-0.583679
-0.194205
1.156541
-0.591814
0.198254
-0.017967
-0.316591
-0.569246
-0.210777
-0.181691
-0.808964
-0.698930
1.516265
-1.386012
1.765924
1.090173
-10.248105
-0.286377
-0.335156
1.874630
-1.092980
-0.633494
0.508360
-0.750949
0.459877
-0.125152
0.150677
-0.472657
-0.634392
0.736309
-2.521237
65.605463
0.540491
-1.476845
-0.386314
1.398356
0.203600
-2.621197
-2.358797
5.056160
0.113470
-1.626555
-0.553050
-1.640343
-2.593382
2.310620
3.117100
-0.727102
-0.517199
1.244262
0.768556
-0.092215
1.820980
-1.170045
1.857682
1.057219
0.329227
-0.666787
-0.956779
-0.104461
-0.338966
3.673553
-1.088922
0.809609
1.139987
-1.084232
-0.046898
-1.289104
-2.341962
0.823801
1.034513
0.752077
-4.166292
2.490735
-0.052061
-1.111331
-0.295679
1.093640
-1.710827
-0.947981
-1.365167
1.215621
1.515016
-82.752876
-1.508901
4.053544
9.399717
0.220894
1.282261
-2.924995
-0.108032
-0.212367
1.447913
0.607867
0.475106
0.490153
12.915706
1.264001
3.054220
2.106330
-1.016565
0.807885
-0.774803
1.951755
1.595920
1.038984
0.886439
-1.323428
-1.383849
-6.201496
-0.664610
2.580669
1.340978
-0.723198
0.709822
-1.511473
0.039517
1.225496
0.069676
-3.353924
-0.149662
-3.366759
-0.255570
-5.063810
-0.643605
1.375820
-1.964108
-0.157308
-5.031606
0.154149
-0.620761
0.924339
0.672896
-0.924086
0.382533
-1.473404
1.523990
-1.200824
-1.900425
-0.960425
0.146040
-0.238188
-0.264822
-0.153509
-0.431584
1.142280
0.276020
1.052177
1.329567
-0.112412
2.235452
-5.226870
-0.197762
-0.263307
0.373884
-1.609975
-1.331773
2.433020
2.254208
0.532168
-0.091323
-0.465159
-8.833653
4.739268
-0.779145
-2.639462
-1.186908
0.075105
-0.077391
-0.171616
0.482082
-1.264115
-0.371398
-0.685984
-1.750841
0.727306
-0.014587
1.422522
-2.358834
-1.343950
-0.060557
0.686353
-0.242714
0.087088
0.654209
0.619392
-0.483230
3.588367
-1.152197
0.347416
-0.023771
0.087565
-10.094855
-0.614986
-2.912970
-0.407151
3.667603
-0.159637
-1.009153
6.956202
0.084635
2.529683
0.026218
-1.273119
2.185080
0.541440
4.107442
-1.872901
1.260320
-1.300188
-2.470294
2.926541
-0.080903
-1.285360
-1.226057
-4.112973
1.048454
2.139255
-0.349760
0.363674
-0.528738
1.811256
-3.134403
-1.348787
1.053473
0.156534
-0.307553
0.514766
0.707923
1.625567
2.417794
-2.271530
0.279842
1.464638
0.278507
0.145384
-0.501712
0.720973
0.465098
0.777808
9.288512
-1.597371
-1.399938
0.456252
-0.597960
-0.744498
-1.932050
0.326128
2.673168
-0.657625
0.351181
-1.369329
-1.155141
2.484267
0.567142
0.612716
1.679460
-0.574127
-1.814970
-3.324941
-0.551722
-0.047161
1.375436
-0.449974
1.219016
1.090072
0.220584
1.844169
1.056735
-0.729757
0.517936
8.885754
1.126490
0.708258
-1.377065
-3.995154
-0.048255
0.815043
1.040751
18.905688
0.103186
-0.063633
1.031114
-2.052958
1.925109
-0.974080
-0.925497
-2.163204
-1.916362
3.428898
3.560631
0.313664
-1.443206
1.799653
-0.412395
0.265483
2.584650
0.351069
1.173408
1.111345
-0.913593
-1.565942
0.667206
1.691619
-1.094437
-2.876912
0.095365
1.159196
1.301606
-1.708617
-1.486303
0.924250
-0.762723
-0.604828
-0.626386
-1.272457
0.906253
-0.344376
-9.075974
1.956967
-0.393817
0.607097
-0.301603
-12.332374
-1.228802
0.367895
0.323620
-2.613936
0.694773
-0.161496
-1.231902
0.866998
0.339767
0.613222
-1.942004
2.338463
-0.883750
-0.624671
0.041223
1.582446
0.977536
-0.796492
0.779192
-2.605122
-1.652842
-5.297879
-1.514589
0.766930
0.437680
2.725062
0.228055
-2.567274
1.927296
3.650613
2.102429
-2.451306
0.715295
-0.056541
-1.017726
1.124988
2.899398
1.995851
-3.581705
0.104896
0.293669
-1.658971
-2.408192
-0.211342
0.141809
-2.281710
-1.346613
1.813105
-1.013041
-0.950918
-1.102783
2.902409
-1.189695
0.937236
-0.357974
1.265927
-6.131162
0.835989
-0.546196
-0.497604
-0.804337
-1.278327
2.105842
0.889132
-0.133506
-1.693113
1.899982
0.619465
-2.086240
2.258722
-0.398131
-1.597937
-1.813485
-2.222170
-1.376876
-1.037636
2.732565
2.279017
-0.152367
-1.376907
-1.273532
0.672386
1.221035
-16.081772
1.149445
0.381778
1.715913
0.816526
-0.871851
0.402072
1.541324
-2.866266
0.426414
-1.394380
-0.370262
-1.099655
0.931033
0.015848
0.690272
1.722814
-0.873854
0.628322
4.288039
-2.120385
-1.974397
-0.658204
1.915626
1.445368
-0.552524
0.439581
2.795195
1.533798
0.716765
-0.921155
0.073822
0.061096
0.458042
-0.828735
-1.288571
1.615449
-1.755945
0.115779
1.144890
-1.499674
-1.552282
0.222448
1.989031
1.321376
-0.309315
-0.933732
-1.056233
-2.077857
0.913126
-20.073775
1.726527
0.205024
-1.854951
1.617857
-8.778278
1.293371
2.927597
0.335980
-0.225795
1.097398
-5.449557
0.773995
-0.412615
-1.184765
1.860512
0.306802
-0.775484
0.698224
1.525021
0.735649
0.268304
-1.187115
-0.864933
0.528062
-1.597731
2.902545
1.064504
0.836078
-0.747235
1.325689
0.330133
-1.131883
-1.754434
0.425016
0.015680
1.776555
5.378631
0.281757
0.435416
-0.099210
-1.145442
0.954781
-2.839929
-2.117915
-1.517975
-1.153177
-0.237994
-0.222823
2.596393
-0.836318
0.321208
0.713852
1.060128
1.230633
-3.007194
0.454251
1.849010
-1.385231
-0.247084
0.427109
-1.562710
0.822971
-0.654054
-0.987353
0.112313
-0.679585
-0.007997
-2.237752
-1.517351
1.999228
-2.526767
-0.507428
1.936613
2.518953
-0.145437
-0.217678
-0.452304
-1.305691
-0.062256
3.106709
1.017365
0.267169
-0.208476
-0.413236
1.935975
0.696378
0.089295
1.434762
-0.018740
0.345118
-0.102094
-0.386673
-0.906562
-2.177797
-2.231792
-1.832094
0.076349
4.664361
-1.321488
-0.303714
2.368753
0.398152
-0.177336
-0.922033
0.320935
0.729028
-1.740658
0.477200
0.569304
0.862022
2.388879
-0.821734
-0.279911
-1.176577
1.479812
-1.999852
0.610789
0.335367
0.294696
-3.326771
-2.219734
0.194275
-0.793026
-1.621295
0.897277
-0.862734
-0.421922
0.001007
-0.522957
-0.465632
-0.909614
-0.736517
1.660168
0.015665
3.381835
0.835414
-1.096869
0.324656
2.670454
-0.373468
-0.294960
-3.373148
3.487670
0.127131
-0.644819
-0.315905
1.293255
0.937805
-1.957007
0.690489
-2.091986
2.331875
0.243926
3.465473
-0.244750
-1.791286
-0.535266
-0.691345
1.952699
-0.252251
-0.769018
-0.663768
0.314493
-4.568633
0.142650
1.424795
-0.778554
-0.509576
0.057567
-1.596267
2.618901
-0.365150
1.277607
-0.339129
1.178474
-7.739038
0.947040
4.659585
-2.519788
1.364894
1.894609
3.798266
2.320760
1.383128
-12.133561
-0.700870
-1.126017
1.045747
-1.245452
0.113946
-8.682834
0.635447
-0.097570
1.656723
-0.420658
-1.832480
6.434055
-1.146505
-0.461330
0.261182
0.605836
-0.268466
0.535303
0.269543
2.415797
1.091969
0.925739
1.351786
-3.204922
0.691898
-0.274991
-0.239533
3.955619
-0.950729
-0.925196
-0.311986
-2.121843
2.635357
-4.148025
0.678747
-2.800425
0.665708
-0.858735
0.439736
0.051023
0.717317
1.442164
-1.441456
-0.929187
-1.630659
-0.097890
1.725172
0.070947
0.780902
-0.449854
0.564724
0.567289
0.829768
-0.312476
1.508419
-13.366663
0.935296
-0.381235
1.093567
-2.712869
0.922902
-2.366548
3.007621
-1.281517
14.149696
0.242641
-0.075040
2.249436
-3.032035
-0.011273
0.938925
0.198105
-0.506003
1.367582
-0.308524
-1.921130
0.177831
1.049301
1.833485
-4.026223
1.622676
0.766576
-0.853751
0.565239
-0.848781
-2.301409
-1.864009
-0.415147
-0.252495
-0.643729
-1.502927
-0.745462
-0.801612
-0.981800
1.045399
1.152846
-0.003188
0.980015
1.593039
0.383879
-3.879600
-2.091579
-1.448897
-1.551435
1.307119
-2.906738
0.754140
1.697819
-0.018786
-0.696036
1.120159
-0.164682
-1.075951
0.215143
-2.085779
-0.135603
-1.105912
0.801752
0.276168
-0.929388
-0.956016
-2.385057
3.900770
0.843112
-0.981467
0.239354
-1.410679
-52.969597
1.121068
-0.329735
1.669331
-2.813180
1.021618
-0.011548
-0.933437
9.136850
0.225288
-24.709679
0.137455
-0.142237
-0.858076
-1.675583
-0.860197
-1.235600
-2.194937
-0.498895
-2.587001
0.101116
0.759271
-0.832328
1.641311
-1.910524
-1.236238
0.853644
-1.932726
-3.389493
-1.076158
1.473190
-0.950602
-3.269488
-0.368325
-0.984834
-0.324715
-0.430235
-0.309620
-1.335474
0.195270
1.426449
0.082343
-0.482903
1.097379
-1.087854
-0.007784
-3.389306
-3.062243
-4.124267
0.886321
-0.357796
2.077052
-1.456681
-0.059321
-3.071529
-0.144191
0.799705
0.932737
-1.239616
0.616931
0.051131
2.494052
13.798324
-0.780378
1.310308
-2.103228
0.401506
1.251883
1.620005
-0.118765
-0.543237
3.660858
-1.120759
0.650826
0.483540
1.132886
1.139870
0.957265
-0.529887
-1.239179
0.969745
-2.489035
4.026487
-0.517433
-1.428432
2.060833
-0.171017
0.848835
-1.614937
0.672632
0.565267
0.292035
-0.750651
-0.668514
-1.223922
-0.388006
0.434001
-1.461025
-1.315602
1.789711
6.232103
-2.455031
-0.124571
0.689313
-10.383467
-0.287510
-2.065025
0.198185
-0.020687
0.601435
-0.163332
-0.940511
2.080323
1.667156
0.386909
5.190341
-1.621002
-0.021923
0.542652
2.643888
1.184855
-2.096084
3.816231
0.114516
-0.790214
1.519014
0.423117
-1.584155
0.307904
0.088590
-2.259551
0.613853
-0.939717
0.338701
-2.233802
0.044637
0.208639
-0.001963
1.312686
3.937141
-6.874775
-1.868500
0.213680
-1.078193
0.206872
1.702560
-1.317767
-0.403207
1.168522
1.193263
0.801901
-3.646464
-0.081235
0.613419
-0.286356
-1.677643
-1.899234
-0.625813
-0.499931
-2.127751
-1.037944
-0.853280
-5.329179
0.530934
0.242790
-0.479988
0.522472
0.811396
-0.182424
-0.239236
0.405157
0.808309
-1.025129
-0.566376
-1.940264
-0.680820
-1.252011
0.970553
-0.108255
5.559278
1.219953
-2.238516
-0.138120
2.835790
0.609664
1.082054
-1.324763
0.880785
0.546870
0.087730
-0.168873
1.696500
1.162582
-12.699976
5.762212
0.313407
-0.402657
-1.093671
0.413880
2.171386
-0.602426
-0.477509
-0.874300
1.938981
0.400836
-0.795502
-2.304729
2.096696
0.456674
-0.644200
1.213917
-0.522856
-0.733830
1.240628
1.604822
-1.257111
0.161185
-2.218703
0.271792
-1.582045
-0.272003
-1.382313
-1.767777
4.772555
-0.016115
0.245767
1.784193
0.870290
0.738673
-2.535829
1.184799
4.291962
0.998375
6.459452
-0.832807
-1.936202
-2.007033
-0.427591
0.505987
1.626781
-0.997202
-1.598883
-0.217060
1.205499
-0.682092
-0.757900
0.658769
0.403684
0.198418
-0.499784
0.455451
-6.116111
-0.189040
0.954415
1.051429
1.394595
-0.710446
-1.813699
0.885978
-0.525196
0.546681
0.143486
1.153738
-0.243706
0.768382
-0.951695
0.072342
0.273530
-1.506198
0.837705
10.654632
-0.440409
-2.143429
1.502000
2.289799
1.188576
0.898015
-1.515609
-2.392065
-0.802142
0.090679
0.624840
1.618220
1.084997
-0.474578
-0.447543
-0.352791
-1.621722
0.051499
-0.573431
-0.901799
0.239999
-0.957859
1.043676
-4.376121
0.203130
-1.869659
2.005081
-0.813016
-0.341219
0.190109
-3.123781
3.281275
-2.319207
1.020112
0.451529
0.461171
-0.126235
-0.252725
1.351120
-6.917581
7.198226
-2.539022
-0.333315
-0.722695
1.051645
-1.303092
-0.007880
0.663411
-1.986567
1.029159
-1.155951
3.021489
-0.389399
2.681612
1.533571
-0.337624
-0.538858
-0.231010
-0.259949
1.104734
3.342671
1.343119
-0.064902
-0.636148
-1.173106
2.088899
-0.422855
2.214600
-1.112943
-11.936939
1.114914
-0.214899
-2.289803
0.255724
0.492325
-0.118358
1.748890
4.524472
-0.477235
-0.261772
-1.038411
0.320443
-3.136239
0.015390
1.646161
1.070145
0.940118
-0.427139
0.125385
0.491179
1.593002
0.079585
0.471841
-0.160914
2.598902
-0.921140
-2.630543
-3.254830
2.587466
2.266260
-2.378077
1.116756
0.737905
-0.321335
1.029190
-0.745803
1.086074
1.295773
-0.913210
0.080117
0.774178
0.670629
-0.571716
-0.767142
0.016211
-0.502514
-0.519411
0.150212
0.673686
0.735088
0.266546
-0.156198
0.646157
1.871943
-0.865971
-1.354003
-0.059188
-1.670246
1.570454
-0.717457
0.180032
0.335756
0.400086
0.076607
1.248017
-2.231113
-1.388732
17.672409
1.274545
0.798143
-0.383447
-0.058481
