-0.130681
0.074893
0.080426
-0.000040
0.040263
0.000642
0.003059
0.000665
0.071915
-0.027545
-0.037445
0.025542
-0.031843
0.006948
0.059799
0.002248
0.023796
0.078516
0.080180
-0.157630
-0.004125
0.005617
-0.056740
-0.040747
-0.089208
-0.109682
-0.022602
-0.098260
0.105366
-0.048546
-0.094332
0.058188
-0.137482
-0.052289
-0.014840
0.090510
0.042660
0.015709
0.030628
0.054157
0.044101
0.065084
0.031886
-0.045681
-0.102639
-0.207292
-0.021751
0.068376
-0.057276
-0.023303
0.069442
-0.001461
-0.167982
-0.102938
0.012901
-0.111687
0.030950
-0.044559
0.055672
-0.119163
0.008010
-0.020470
-0.006666
0.002898
0.020529
-0.078229
-0.071644
-0.064675
-0.036311
0.104767
0.065091
0.049893
-0.001782
0.011375
-0.050766
0.056007
0.122264
0.032833
0.036531
-0.088882
0.055680
-0.061111
0.009227
0.012163
0.032265
0.037246
0.004562
0.007203
0.107614
-0.093292
0.014774
-0.016695
-0.084761
-0.063201
0.196169
-0.096458
0.043704
-0.005447
0.081980
0.139574
0.036583
-0.000445
0.049394
0.149595
0.001964
0.007204
-0.075005
0.024068
-0.083506
0.095342
0.002246
-0.030196
0.054721
-0.170306
-0.071806
0.038011
-0.038272
0.104680
-0.022256
0.023417
0.021366
-0.003383
0.122966
-0.022875
-0.097495
-0.067604
-0.022649
0.041023
-0.060215
-0.014366
-0.022591
-0.065274
0.100045
0.022313
-0.079433
-0.003709
0.050535
-0.075373
0.096993
0.004441
-0.045048
-0.121057
-0.000906
-0.245332
-0.049522
-0.075530
0.089209
0.118729
-0.120588
-0.037473
-0.110272
0.019802
-0.055599
-0.104281
0.090700
-0.060652
-0.054870
-0.001108
0.083568
0.025468
-0.033225
0.017308
-0.081508
0.057151
-0.103782
0.021807
-0.071950
0.087845
0.085962
-0.035571
0.008036
-0.143073
0.011769
-0.022649
-0.133236
-0.004735
0.000674
-0.076992
-0.100641
0.055586
0.086878
-0.017212
0.045011
0.097393
0.040422
0.008197
-0.103983
-0.014523
0.053110
0.001174
0.032693
-0.005320
0.030300
0.031382
-0.031758
0.006629
-0.019625
0.020111
0.153330
-0.062399
0.028389
-0.026504
0.031611
0.058054
-0.009741
0.096204
-0.005256
-0.015698
0.033002
0.020558
0.202126
0.082003
0.095611
-0.096134
-0.028807
-0.086679
0.205556
-0.150922
-0.031709
0.095948
-0.116068
-0.049249
0.059901
0.023159
0.078447
0.072033
0.059937
0.020981
0.029139
-0.059013
-0.075154
-0.108042
0.027637
-0.001076
0.021935
0.140635
0.112541
0.039638
-0.025916
-0.104741
0.066008
0.125640
-0.049913
0.016706
0.070104
0.018742
0.045720
-0.080995
0.115425
-0.062270
-0.118655
-0.125657
0.124152
-0.122284
0.077860
0.071760
-0.035497
-0.072206
0.132699
0.076584
-0.018401
0.029875
-0.059584
-0.007594
-0.003262
-0.034387
-0.022471
0.019213
0.007579
-0.010413
-0.068978
-0.010973
0.004082
0.018339
0.044103
0.065845
-0.000310
-0.032106
-0.012479
-0.052959
0.003921
-0.050146
-0.038579
0.097684
-0.001072
0.009616
-0.028809
0.126971
0.069041
-0.093261
-0.089109
0.032683
-0.003453
0.129295
-0.134304
0.059067
-0.029526
0.006792
-0.015454
-0.092112
-0.091002
-0.092778
0.019786
-0.067760
-0.079443
-0.013978
-0.155314
-0.086044
-0.050412
-0.109165
0.098549
0.066408
-0.082556
0.114457
0.009611
-0.027753
-0.001178
-0.057302
0.042932
0.010666
0.047082
0.068626
-0.068140
0.043062
-0.160551
-0.024357
-0.010485
-0.101809
-0.040025
-0.039455
-0.064583
0.089604
0.016223
0.002338
0.073859
0.057963
-0.076001
-0.082361
-0.112466
-0.178789
0.048579
-0.163750
0.064425
0.168564
0.036785
0.058243
-0.000644
0.030509
0.058469
-0.001600
-0.065054
-0.163054
0.058817
-0.027727
-0.029747
-0.032677
0.092937
-0.073845
-0.022861
-0.089422
-0.007913
0.028420
0.005336
0.087335
-0.030283
0.018616
0.033030
-0.040770
-0.027104
0.036647
0.019573
0.000491
0.003986
-0.002300
0.135659
-0.014178
0.037308
0.094103
-0.047894
-0.102309
0.015943
0.016166
-0.023323
-0.052492
-0.043653
0.047117
0.059909
0.026617
-0.033987
0.059288
-0.014356
0.018158
0.017474
0.018588
-0.095186
-0.009899
0.061189
-0.006881
-0.003993
-0.026859
-0.008360
0.083618
-0.064614
0.015314
-0.142655
0.122488
-0.070100
-0.026448
0.084454
0.052919
0.008614
-0.002643
-0.012634
0.091818
0.020893
-0.079423
0.014506
0.011413
0.000043
-0.012680
0.001922
-0.004797
0.026555
0.024356
-0.004631
-0.014001
-0.052819
0.026037
-0.032849
-0.102459
-0.063176
0.048126
0.004322
0.212880
-0.015302
-0.053108
0.029377
-0.002994
0.042261
0.094004
0.055384
-0.039119
-0.070100
-0.029338
-0.088948
0.052492
0.066665
-0.044517
0.036744
-0.025940
0.052236
-0.032020
-0.067600
0.000335
0.048964
0.057514
-0.037676
0.094954
0.020307
-0.024066
0.063788
-0.033780
-0.130306
-0.093624
0.006495
0.013050
0.148102
-0.026965
-0.043035
-0.054699
-0.062381
-0.039492
0.043167
-0.017042
-0.080732
0.067906
0.159580
0.028029
0.014647
0.081266
-0.117230
-0.020548
-0.074507
-0.016805
0.032238
-0.085186
-0.015065
-0.009363
-0.069401
-0.080523
-0.000191
-0.027543
-0.006081
-0.086904
0.005469
0.014493
0.096993
-0.053679
-0.146863
-0.124485
0.045619
0.009216
0.009059
0.023835
0.020959
0.057261
-0.044237
-0.033134
-0.088129
0.052711
0.042068
0.131493
-0.061320
0.025890
0.038884
0.020171
-0.096845
0.000723
0.095628
-0.045137
0.019630
-0.004131
0.081988
-0.067915
-0.046234
-0.167976
0.010705
0.112256
0.068349
-0.002759
-0.009624
-0.043975
0.031748
0.095347
0.002941
-0.011877
0.018502
-0.045775
-0.063966
0.116302
0.086867
0.128642
0.036939
0.056505
0.084037
0.100094
-0.006943
0.117865
0.094161
-0.039183
0.054174
-0.019146
0.053345
-0.143024
0.085726
-0.044134
-0.019285
-0.134203
0.117718
-0.105602
0.061085
-0.095853
-0.026345
-0.042958
-0.021157
-0.063564
-0.004640
-0.044403
-0.038222
-0.068731
-0.001991
-0.000464
-0.035676
0.130021
0.081485
-0.057260
-0.033220
0.043522
-0.032368
-0.128986
-0.067970
0.067756
0.026699
-0.042240
0.013231
0.130708
0.037307
0.042525
-0.005997
0.072466
-0.103023
-0.048917
0.197230
0.123536
-0.065309
0.094260
-0.038141
-0.026410
-0.014693
0.055778
0.035947
0.053742
-0.057329
0.053386
-0.092516
0.067654
0.060220
-0.010986
0.010803
0.124697
0.091100
0.113834
-0.044904
-0.059434
0.002111
0.002287
0.021607
-0.054394
-0.064472
0.073666
0.077183
0.029826
0.042003
-0.126792
-0.022243
0.024795
0.015214
0.053825
0.058273
-0.017958
0.052647
-0.057723
0.112951
-0.024291
0.098375
-0.120809
0.023053
0.009801
0.067794
-0.054021
0.009886
0.167302
-0.021844
-0.038437
-0.071390
0.019829
0.004283
-0.034451
-0.022697
0.028669
0.066994
-0.024359
0.007622
0.129669
-0.079677
-0.125803
0.048101
-0.101843
0.042717
-0.051142
-0.002814
-0.007611
0.034011
0.004130
0.088742
-0.086494
0.005918
0.007696
0.010568
-0.082332
0.053324
-0.065877
-0.048079
-0.011632
-0.000299
0.054643
0.043345
0.096833
0.009299
0.023284
-0.002686
-0.030707
-0.078439
0.027552
0.016540
-0.101392
0.038225
-0.048791
-0.030511
-0.030875
0.041349
-0.006813
-0.065502
-0.071952
0.011739
-0.066789
-0.058647
-0.044542
-0.068548
0.002632
0.075688
-0.075941
0.014248
-0.089867
-0.049347
0.189752
-0.014507
0.250579
0.062253
-0.006034
0.091703
-0.083925
0.047290
-0.034862
0.081518
-0.026783
0.047859
-0.029246
-0.046894
-0.096523
0.274869
0.026362
0.072274
-0.039432
-0.063998
-0.051337
0.007543
0.200490
-0.023694
-0.120317
-0.044390
-0.059707
0.009185
0.034729
0.217104
-0.039848
0.035709
-0.105689
-0.072882
0.032453
-0.044889
0.026944
-0.016265
0.028815
-0.012502
-0.066037
0.015945
-0.019595
0.072277
-0.103188
0.072059
-0.017951
0.105818
0.023045
-0.039054
-0.039698
-0.051041
0.040666
-0.063114
0.066357
-0.067038
-0.062100
-0.018059
-0.062628
-0.052116
-0.041061
-0.034765
-0.058562
0.080738
-0.055143
-0.070771
-0.071592
-0.123765
0.085842
-0.112338
0.031032
-0.062651
0.135869
-0.043929
-0.066245
0.017705
-0.074305
0.018158
-0.061525
-0.010278
0.011790
-0.040390
0.008770
-0.092997
-0.008431
-0.009605
-0.051423
0.019993
0.032236
-0.010034
0.090593
0.062851
-0.028371
0.047621
-0.067485
0.070540
0.028278
-0.019527
0.001819
-0.002179
-0.002905
-0.118911
-0.058828
-0.058749
0.002230
0.045391
-0.011072
0.059919
-0.073020
-0.051099
-0.168680
0.053052
-0.111293
0.063162
-0.129585
0.084393
-0.000106
-0.008090
-0.017699
-0.028549
-0.045101
0.131345
0.125429
-0.201556
-0.023108
0.010589
-0.020144
-0.083724
-0.039164
0.042082
-0.041069
-0.062360
-0.039487
0.078005
-0.057518
-0.036266
0.014432
0.073374
0.078160
-0.113830
0.074891
0.076356
0.030656
-0.006868
0.024059
0.115625
-0.008994
-0.007680
-0.106017
0.066662
-0.001019
0.062762
0.110086
-0.101174
0.001637
0.038240
0.049363
0.028349
-0.017342
-0.110783
-0.010909
-0.048521
-0.015557
0.056684
-0.037226
-0.002082
0.078644
0.073229
0.051931
0.057825
-0.111558
0.112617
0.035594
0.048615
0.006539
0.052591
-0.117887
0.086519
-0.040299
-0.008108
-0.065012
0.027481
0.036280
0.008204
0.047129
-0.056953
-0.064980
-0.049541
0.011993
-0.127488
0.098387
-0.090220
-0.001839
0.075837
-0.103911
-0.169746
-0.075047
-0.018577
0.097446
0.066201
0.071159
-0.149090
-0.011657
-0.022735
0.029955
0.141592
0.025596
0.012461
0.047620
-0.048770
0.008009
-0.063647
0.027470
0.005315
-0.076798
-0.083329
-0.105549
-0.100657
-0.014115
0.000792
-0.104445
0.045563
-0.035154
0.148175
0.042826
-0.018133
-0.056834
-0.003501
0.126708
-0.064350
-0.059558
-0.092241
-0.112019
-0.063436
0.112030
-0.022786
0.017740
0.225514
-0.134924
-0.021032
0.142634
0.019825
0.043967
-0.008542
-0.031721
0.028945
-0.075734
-0.075373
-0.122582
0.084972
0.099499
0.045863
0.036489
0.025685
-0.017017
0.006087
-0.033463
-0.107146
0.065780
0.062304
-0.037461
-0.007317
0.007020
-0.035931
0.042891
-0.146065
0.036707
0.097693
-0.030266
-0.073819
-0.042835
-0.038655
0.054879
-0.041452
0.084653
-0.063541
0.018613
-0.107649
0.002270
0.065566
-0.072834
0.035818
0.022952
-0.005096
0.000277
0.072549
-0.051679
0.028157
-0.101804
-0.054806
-0.047868
-0.031099
-0.051087
0.059045
-0.002136
-0.030596
-0.019528
0.000971
-0.108395
0.014351
0.014825
0.003857
-0.025875
-0.009090
-0.114729
-0.004300
-0.047198
-0.049659
-0.025103
-0.019154
0.023475
-0.075919
0.025470
0.052604
-0.015520
-0.120618
0.004242
-0.054496
0.035215
-0.026678
-0.101916
-0.069925
-0.051658
-0.058306
0.024274
-0.015995
0.113248
0.123706
-0.007559
0.024665
0.020918
-0.051819
-0.000711
0.033345
-0.157709
0.004408
0.085356
-0.071207
-0.028741
0.069490
0.045008
-0.192662
0.085446
0.028260
-0.005822
-0.104251
0.092795
0.167816
-0.060062
0.097477
-0.076188
-0.067312
-0.025839
-0.087439
0.035213
0.010918
0.046927
-0.059540
0.076384
-0.019914
-0.087329
-0.093721
0.040125
-0.061015
0.041958
-0.021341
0.000755
0.066356
0.048685
0.037231
0.125706
-0.064934
-0.013454
-0.080640
-0.005673
-0.018705
0.062904
-0.059232
-0.076243
0.041842
-0.140984
0.121754
0.016939
-0.043717
0.054076
0.085991
-0.222101
0.005932
-0.041015
-0.030818
0.069018
-0.060338
0.116304
0.011664
-0.057271
0.040605
-0.043001
-0.098231
-0.042959
-0.024318
0.032967
-0.139130
0.077727
0.169078
0.008287
-0.004455
0.081705
0.108567
-0.151896
0.064175
-0.072247
-0.104635
0.033609
-0.056777
0.004268
-0.037097
0.000937
-0.001279
0.043811
-0.085791
0.056935
0.014633
-0.102787
0.067655
0.041643
0.108171
0.075502
-0.017128
-0.145212
0.040083
-0.078027
0.010666
-0.043809
0.039859
-0.017713
-0.056293
0.052575
-0.118311
-0.082864
0.127449
0.033781
-0.088697
0.022087
0.045066
-0.003583
0.176813
-0.143797
-0.033246
0.037084
0.197070
0.124206
0.042014
-0.077370
-0.011066
0.013512
-0.020153
-0.026291
0.041003
0.101395
0.109175
-0.000487
0.016487
-0.074418
-0.101926
-0.046129
-0.027898
-0.062858
-0.075558
-0.002215
0.130021
0.099713
-0.016107
-0.112824
0.033084
-0.122653
0.029105
0.019279
-0.068694
-0.052824
0.080667
0.004290
0.033529
0.031906
-0.021032
-0.047017
-0.082522
0.047655
0.039470
0.037161
0.031904
0.062129
0.079746
-0.060566
0.104367
0.058963
0.104040
0.091369
0.002356
0.038837
0.051712
0.011089
-0.066404
-0.048026
-0.035943
0.043451
0.016104
-0.190283
-0.060883
-0.090768
0.053089
-0.075510
0.092650
0.022028
0.052970
-0.145172
-0.015571
0.023129
0.005197
0.054645
-0.145805
-0.031731
0.135759
0.024542
-0.183579
-0.179850
-0.086789
-0.051642
-0.081928
0.109905
0.048065
-0.011984
0.008011
0.051846
-0.183751
-0.051427
0.041340
-0.047336
-0.050897
-0.070511
0.018359
0.024067
0.039154
-0.028852
0.008815
-0.055972
0.002094
-0.195139
-0.036470
0.074524
-0.063206
0.083425
0.080840
0.058771
0.030775
0.046840
0.057930
0.024396
-0.016976
-0.063776
-0.134692
-0.007225
-0.049019
-0.046085
-0.058035
0.108578
0.134284
-0.046471
-0.069126
-0.008647
0.151379
0.000137
-0.068017
-0.004587
0.101229
0.011403
0.135671
-0.059510
-0.086419
0.019117
-0.021891
-0.036435
-0.032232
0.039766
-0.060180
0.002610
-0.052957
-0.058221
0.001450
0.043197
-0.006498
0.046880
0.113990
0.069829
0.031291
0.163341
-0.001958
0.014303
-0.029508
0.106597
0.001243
-0.022954
0.012333
-0.084261
-0.000008
0.068054
0.016885
0.084471
0.024695
-0.063368
0.030569
0.085445
-0.052939
0.042612
0.111976
-0.020178
-0.159818
-0.007536
0.058625
0.097602
-0.076273
-0.081590
-0.061429
-0.043338
-0.019369
-0.100216
-0.077365
0.112759
-0.053099
0.150719
-0.033243
0.106264
0.114670
-0.081136
0.053523
0.060583
-0.028653
-0.019089
0.101991
-0.007877
-0.115544
-0.070497
-0.010454
-0.038712
-0.037782
0.025138
-0.115518
-0.046396
0.044029
-0.002739
0.003825
0.109387
0.001363
0.157163
0.068811
0.044343
-0.065389
-0.099859
0.119629
-0.000446
-0.096092
-0.039665
0.108391
-0.015617
0.081710
-0.049106
0.040831
-0.007783
-0.073021
0.046871
0.017845
0.087521
-0.067512
0.039741
0.059114
-0.054741
-0.065746
-0.015686
0.007463
0.064343
-0.037183
0.005621
-0.061741
0.045625
0.104052
0.030054
0.168689
-0.038151
0.117147
-0.123421
-0.042799
-0.055505
-0.075690
-0.077775
-0.168676
0.045488
0.067013
0.100220
0.017349
0.063647
0.068773
0.035363
-0.115220
0.072174
0.063276
-0.054986
0.054715
0.095586
-0.095589
-0.032203
-0.049254
0.024525
0.025605
-0.038645
0.047227
-0.066552
0.019008
-0.095315
0.056892
-0.051966
0.014803
0.044814
0.074987
0.126293
0.016072
-0.019083
-0.074740
-0.016151
-0.063705
-0.062397
0.078498
-0.135201
-0.200458
0.079543
-0.043636
0.037889
-0.099493
0.053073
0.156200
-0.074395
-0.006389
0.025567
-0.066412
0.079876
-0.024663
0.017919
-0.073274
0.063021
-0.016394
0.006515
-0.054977
0.028857
0.036774
0.051596
0.039783
-0.070326
0.038328
0.078555
0.018887
-0.034225
-0.079329
0.044177
0.016077
-0.062854
0.028659
-0.053647
-0.116267
-0.042747
0.055710
0.040172
0.023381
-0.114529
0.063566
-0.026965
0.043927
-0.041873
-0.026943
0.049068
0.181133
0.073822
0.026956
0.016231
0.007725
0.006893
-0.033955
-0.137364
0.119386
0.069013
-0.065708
-0.046078
0.043930
-0.013397
0.016841
-0.033078
0.094086
0.173960
0.176260
-0.039148
0.080466
-0.017789
0.021516
0.060515
0.004581
-0.057006
0.046440
0.037470
0.002115
-0.031589
0.054914
0.080384
0.076541
0.053775
0.014378
0.240277
0.032231
0.026472
0.002817
0.004651
0.070566
-0.096699
-0.156326
0.036872
-0.025241
0.024873
-0.034487
0.075424
-0.056107
0.012689
-0.019868
-0.030152
0.039700
-0.030286
-0.132341
-0.056494
0.070581
-0.077998
-0.028533
0.070148
-0.061500
-0.043201
0.096430
0.027083
-0.060227
-0.130292
-0.045926
0.098972
0.048731
0.002250
-0.074280
-0.099119
-0.009904
0.011069
-0.102641
0.089380
0.072687
0.133121
0.023555
-0.026506
-0.072175
-0.001582
0.126109
0.040514
0.100163
0.048405
0.057003
-0.018021
-0.031861
-0.020874
0.103629
0.004509
-0.069157
-0.019926
-0.025418
-0.013835
0.015030
-0.006270
0.023978
-0.104012
-0.105210
0.016208
-0.052473
-0.021847
-0.025912
0.004160
-0.054553
0.089001
-0.057370
-0.001304
-0.115562
-0.025224
-0.042315
-0.003840
-0.001702
-0.007603
0.076214
0.119794
-0.123146
0.012477
0.050954
-0.129434
-0.080458
0.006047
0.071186
-0.030711
-0.061574
0.038659
0.003996
-0.075798
0.066317
-0.057895
-0.033498
0.104264
0.068116
-0.032225
-0.009556
-0.093489
0.080930
0.098575
0.116906
0.055600
0.042870
-0.027744
-0.126024
-0.071768
0.001338
0.005438
0.024326
-0.016397
0.011322
0.022789
0.139533
-0.065075
-0.174514
-0.080872
0.068436
0.099156
-0.046677
0.053143
0.054239
0.052697
-0.066318
0.018270
0.017614
0.033969
0.115976
0.029195
0.010823
0.066984
-0.006903
-0.163714
-0.014732
0.013056
0.031324
0.028437
-0.044955
-0.056960
0.047806
-0.092011
-0.097061
0.028382
0.014235
-0.034957
-0.021103
-0.009626
0.038175
0.067363
-0.101633
-0.121440
0.026360
-0.025402
-0.010519
-0.000353
0.063480
-0.168919
-0.008965
0.085724
0.038931
0.137967
0.100971
-0.108903
-0.047652
-0.004140
-0.010915
-0.048735
-0.144826
-0.072465
0.072654
0.041113
-0.062654
-0.037367
0.075335
0.081954
0.108050
-0.007889
-0.087102
0.095983
-0.026580
-0.061623
-0.019585
-0.030880
-0.039283
0.141729
-0.093501
-0.077536
-0.023357
-0.165961
-0.028214
-0.032451
-0.073351
0.063052
0.026927
0.048675
0.051608
-0.108990
0.055282
-0.084115
0.028223
0.234125
0.084292
-0.023694
-0.040038
-0.002854
0.083113
-0.003609
0.175184
-0.160371
-0.027021
-0.086563
-0.127275
-0.081287
-0.043353
-0.008401
0.073673
0.066133
-0.024923
0.082807
0.044784
0.012896
0.045660
-0.023437
0.024341
-0.013188
0.048881
-0.077102
0.061526
-0.027621
0.075418
0.039759
0.078498
0.015501
0.095776
-0.109625
-0.058612
0.028405
-0.039013
-0.032687
-0.018940
-0.058673
-0.087989
-0.036436
0.013590
0.005609
0.055378
-0.096552
-0.109190
-0.113041
0.087868
-0.096722
-0.039158
0.020430
-0.020871
0.118790
-0.057067
0.026652
-0.034788
0.106657
-0.070517
0.012164
0.042403
0.091999
-0.004085
-0.085437
-0.048620
-0.015245
0.030933
0.018554
0.000366
-0.041192
0.007574
0.046113
0.014733
0.096696
0.025811
0.097592
-0.042080
0.089102
0.089854
0.056866
0.034970
-0.108108
0.021895
-0.012428
0.056999
-0.038677
0.084756
-0.083157
0.032364
0.010222
0.010507
0.010245
0.081725
0.023049
0.039161
-0.136503
-0.000842
0.109751
-0.060638
0.080418
-0.010493
-0.100208
-0.062463
0.013925
-0.001886
0.077993
-0.060489
0.028590
0.018614
0.022416
0.134458
-0.014728
-0.036839
0.030274
-0.041863
0.040708
0.077379
-0.119504
0.063067
0.104845
-0.007601
0.119473
-0.061854
-0.149917
0.023496
0.022521
-0.124532
0.155748
0.025425
-0.002266
-0.029331
-0.026248
0.032160
0.038949
0.172028
-0.004516
0.008935
-0.080414
0.152281
-0.096733
-0.020018
-0.021008
-0.065156
0.025682
0.003011
0.113790
-0.061125
-0.074438
0.130226
0.049647
0.024934
-0.090891
-0.021714
-0.017003
0.015359
0.016794
-0.034983
-0.016769
0.070807
-0.078880
-0.040400
0.067514
-0.011053
-0.023429
-0.170333
-0.088322
-0.071336
-0.065123
0.037973
0.011790
-0.064373
0.034341
0.038056
-0.132783
-0.185327
-0.081287
-0.034912
0.035668
0.135352
-0.026087
-0.013851
0.036137
0.085447
0.037620
-0.085127
0.090616
0.068262
0.057663
-0.039694
0.048943
-0.077100
-0.043401
-0.051433
-0.098511
-0.052102
-0.091508
-0.048324
0.133041
-0.024713
-0.070255
0.052570
-0.018786
-0.090646
-0.027908
0.038766
-0.033186
0.067076
0.095131
-0.086375
-0.071358
-0.110933
-0.032680
-0.053111
0.101876
-0.019591
0.107901
0.083170
0.106576
-0.043119
-0.007970
-0.023484
0.057097
-0.011861
-0.028006
-0.006410
-0.062418
0.044397
0.031164
0.070858
-0.013621
-0.059487
0.168088
0.089733
0.028434
0.111454
0.113368
0.047038
0.013840
0.014260
0.033690
0.013418
0.125782
0.117588
0.114894
0.063459
-0.046948
0.016554
-0.027261
0.010032
-0.060803
0.073821
0.035535
0.015805
-0.107123
-0.093714
-0.009806
-0.016938
0.118002
0.023682
0.150171
0.037472
-0.043251
0.086265
0.009900
0.009489
0.076971
-0.023979
0.064152
-0.046754
0.022928
0.019552
-0.085785
0.070199
0.001436
-0.055531
-0.007052
0.036211
0.165277
-0.074503
0.068053
-0.029267
-0.116057
-0.004447
0.108624
0.037074
0.034798
-0.025176
0.098032
-0.081616
0.015446
0.028479
0.129253
-0.039942
-0.015126
-0.006085
-0.077653
-0.028045
-0.046059
-0.153987
-0.014327
0.009812
0.084695
0.002326
-0.066714
-0.024316
-0.003877
-0.036432
-0.007702
-0.068014
0.127206
-0.068735
-0.096758
-0.028165
0.012579
-0.025598
-0.003590
0.008406
-0.198662
-0.068823
-0.080356
0.057862
0.092409
0.061688
-0.041198
-0.068999
0.078912
-0.028418
0.039648
-0.043804
-0.047436
-0.117552
-0.005377
-0.024867
-0.042648
0.040915
-0.094181
0.000529
0.037538
-0.021463
-0.077747
-0.041210
-0.041180
-0.058543
-0.044565
0.101989
0.002900
-0.048131
0.030786
0.092155
-0.007384
0.059188
0.022497
-0.112287
0.044950
0.013103
-0.043614
0.043436
-0.041203
0.080704
0.117950
0.008989
0.053394
0.060608
-0.021856
0.045297
0.010789
-0.058397
0.008872
-0.022689
0.008759
-0.033235
0.068757
-0.094272
0.032460
-0.014903
-0.004097
0.050327
0.064272
-0.061434
0.014209
0.093451
-0.108362
0.111909
0.058360
-0.069097
-0.042461
0.081816
0.049073
-0.049760
0.054442
0.033297
-0.139918
0.031967
-0.092187
0.040476
-0.044712
0.026248
0.053940
0.030884
-0.023701
0.147743
0.063788
-0.074841
-0.072134
0.001738
0.060494
0.078379
0.045313
0.050920
0.031593
0.045835
-0.039103
-0.004478
-0.061466
-0.053458
0.044746
-0.085232
0.014617
0.119057
0.023487
-0.016773
-0.069688
-0.019421
0.127419
0.038215
-0.010180
0.029258
0.139300
0.062074
-0.099340
-0.074588
-0.054275
0.004356
-0.042431
0.015560
0.076740
-0.075637
0.072252
0.026678
-0.072847
0.042701
0.001134
0.131193
-0.109868
0.042122
0.049024
0.043149
-0.055811
0.072495
-0.051540
-0.056089
-0.082160
0.021817
-0.021481
0.113711
0.137592
-0.034089
-0.066290
0.055522
-0.011120
-0.120156
0.123593
-0.028932
-0.011085
-0.059104
-0.034947
0.013916
0.018313
-0.071891
0.037532
-0.146381
-0.078022
-0.025262
0.025939
0.051769
-0.020277
-0.008079
-0.013700
-0.048061
0.047687
0.003192
0.045061
-0.051583
-0.023482
0.024445
0.062030
-0.003011
-0.091344
0.036688
0.005994
-0.015816
-0.125331
0.017131
0.057641
0.053728
0.030211
0.000277
-0.054176
0.096593
-0.063234
-0.055827
0.086338
0.004253
-0.019562
-0.024129
-0.027458
-0.035281
0.035411
-0.060120
0.054530
-0.072069
0.029419
0.068525
-0.006480
0.034062
-0.079077
-0.051151
0.017344
0.005618
0.027790
-0.044838
-0.135636
0.005542
-0.096744
0.012586
-0.076137
0.051471
-0.011060
-0.072079
-0.053353
0.160414
0.036878
0.003860
-0.061563
0.110245
0.018862
0.052313
-0.066956
-0.055760
0.002583
0.109817
0.011517
0.047344
-0.094316
-0.025466
0.126119
0.045433
0.025498
0.010614
-0.031972
0.117565
-0.018777
-0.097073
-0.007157
0.042416
-0.073476
0.102928
-0.057615
-0.010717
-0.092194
0.071454
0.013621
-0.009913
-0.029839
0.000732
-0.003386
0.036617
-0.044506
0.091110
0.009244
-0.001688
0.105751
-0.052481
0.068675
0.020741
-0.061135
0.028891
0.135305
0.017022
0.011253
-0.101318
0.120562
0.023238
-0.046233
-0.092477
0.012679
0.080465
-0.037860
-0.091660
-0.046813
0.114810
-0.141721
0.035584
-0.033670
-0.024278
0.056986
-0.020918
-0.031318
0.010524
0.077249
-0.060251
-0.042439
0.010199
-0.159979
0.076988
-0.040477
0.110370
0.016523
0.000460
0.025341
-0.055136
-0.121704
-0.033133
0.019886
0.000071
-0.032861
-0.059707
-0.122578
-0.043125
-0.034833
-0.011851
0.082243
-0.022421
-0.070835
0.032014
0.050820
-0.003591
-0.077769
0.074732
-0.014791
-0.036521
-0.076007
-0.107038
-0.019861
0.082376
-0.031260
0.230893
0.132006
0.104624
-0.000497
-0.029055
-0.109744
0.104801
-0.033831
0.156172
-0.015220
-0.050910
0.094778
0.069694
0.064935
0.017792
-0.008862
-0.108285
0.021615
-0.076842
0.078742
0.013789
0.053263
0.029760
0.014483
0.010199
-0.028709
-0.017148
-0.134745
0.056920
0.046671
-0.003552
0.023744
0.009153
0.037991
0.172370
0.025046
0.024195
0.004595
0.149161
0.048099
0.061668
-0.101886
-0.019935
0.153700
-0.037495
-0.047421
0.040790
0.070760
0.019345
-0.009777
-0.047943
0.112386
-0.157576
-0.090852
0.134429
0.069262
-0.032586
0.059525
0.113188
-0.072045
-0.075137
0.012252
0.061185
-0.004392
0.000588
0.044307
-0.069772
-0.034046
-0.105330
-0.111343
-0.001782
-0.058305
-0.062802
-0.149050
-0.077843
-0.088954
-0.000285
0.056122
-0.027686
0.071640
0.041633
-0.033175
0.040316
0.112371
0.096456
0.033133
-0.122842
-0.068101
-0.007980
-0.113728
-0.000997
-0.068572
0.031148
0.025703
-0.019027
-0.008384
0.032935
-0.051291
0.036006
-0.065193
-0.037310
-0.016935
-0.011330
-0.097618
-0.143965
-0.031244
0.123483
0.060650
-0.005815
0.016635
-0.078098
-0.064031
-0.031180
0.046069
0.010790
0.194226
0.084578
0.017603
0.002721
-0.092668
-0.175926
-0.161210
0.072525
-0.051422
-0.125660
-0.074008
-0.022466
0.056863
0.100764
0.047115
0.051647
-0.028399
0.011062
0.069423
0.059959
0.008008
-0.018757
-0.086210
0.095979
-0.038835
-0.052753
0.034805
-0.067440
-0.030447
-0.045650
-0.030432
-0.003655
0.072462
0.060190
0.003265
0.104610
0.043686
-0.002499
-0.005491
0.021925
0.021749
0.078845
0.084241
-0.041808
0.028447
0.002769
0.078235
-0.021284
0.137188
0.020519
-0.001383
0.058422
-0.039106
-0.112884
0.022427
0.055183
0.044590
-0.024524
-0.000022
-0.067310
0.048690
0.122976
-0.003079
-0.048573
0.083459
-0.078529
-0.024884
0.011103
-0.078582
0.084674
0.026230
-0.087866
-0.029533
-0.047680
-0.002826
-0.043503
-0.060692
-0.099892
-0.012416
0.014836
-0.086069
-0.013338
-0.036539
0.118071
0.021240
0.131562
-0.028701
0.093865
0.067229
0.022291
-0.115509
-0.080982
0.011495
0.098169
0.061616
0.044762
0.042603
-0.000801
-0.083273
0.037925
-0.084679
-0.056199
-0.011636
-0.131694
-0.047018
-0.005957
-0.068502
-0.075675
0.034122
0.085239
0.028123
0.027286
-0.079306
-0.045890
0.006708
-0.064255
0.054697
-0.071210
-0.014988
0.046801
-0.019816
-0.057882
-0.021860
-0.024299
0.069243
0.008611
-0.063272
-0.055802
-0.022230
-0.047311
-0.002659
0.007490
0.126433
-0.040376
0.009277
0.004158
-0.145252
-0.092666
0.145938
0.050821
0.062790
0.008314
-0.140021
0.017259
-0.028396
0.009231
0.065573
0.079490
-0.015084
-0.043450
-0.022105
0.036969
-0.028229
-0.122509
-0.014224
-0.083822
0.062315
-0.041224
0.038550
-0.052765
0.041572
-0.013294
0.085652
0.002853
0.020444
-0.007526
-0.012749
0.009775
-0.027808
-0.053558
0.021660
0.050830
-0.075627
-0.031861
0.096007
0.010904
0.114078
-0.005076
-0.109143
0.013768
0.029604
0.019661
-0.048495
-0.063241
-0.007609
-0.018616
0.130540
-0.149898
0.021955
0.034866
0.028738
-0.051743
-0.105759
0.087510
-0.053325
0.037290
-0.025608
-0.020538
-0.065601
0.000504
-0.076537
-0.025927
-0.123053
-0.047742
-0.012578
0.025535
-0.005530
0.035161
0.052103
0.127805
0.023217
-0.104441
0.037523
-0.055407
-0.014327
0.070943
0.078064
0.001455
0.029798
-0.002458
-0.039611
-0.139714
0.048492
-0.008739
0.095452
0.012339
-0.060867
-0.146174
-0.070441
0.084178
0.035292
-0.079477
-0.008241
0.040989
0.066644
0.028701
-0.034240
-0.019959
-0.143192
-0.008769
-0.094056
-0.046726
-0.023862
0.057269
-0.063200
0.003948
-0.025196
0.001824
0.044898
-0.064639
-0.079777
-0.079201
-0.028919
0.103978
-0.049745
-0.027539
-0.022975
-0.008924
-0.043336
-0.050817
-0.053582
-0.087387
-0.025462
0.101447
0.020550
0.044507
-0.083818
-0.032544
-0.042480
0.090573
-0.005666
-0.062189
0.011908
0.065979
0.052562
0.071004
0.033940
-0.013088
-0.046628
0.148565
0.018058
0.053573
-0.003235
0.005454
-0.033966
0.031004
-0.007718
0.018827
-0.118561
-0.028446
0.007125
-0.091481
0.034334
0.084161
0.027853
0.077268
0.058561
0.048801
0.029622
0.003227
-0.010601
0.049265
-0.033345
-0.073290
0.004539
-0.096627
0.126849
-0.003474
0.013820
-0.095017
-0.061123
-0.010393
-0.067845
-0.024361
-0.090845
-0.044244
0.032519
0.022639
0.056507
-0.148755
0.016803
0.006568
0.068810
0.031299
0.081175
-0.088422
0.086601
-0.140402
-0.034808
-0.113072
-0.063923
-0.074805
-0.018333
0.008161
-0.056301
-0.132311
-0.057753
0.048246
0.051648
-0.006776
0.072232
-0.056544
0.080289
-0.075723
-0.053523
0.023791
0.061557
0.045455
0.057531
0.004666
-0.082488
0.094750
0.054461
0.050806
0.057681
0.068246
-0.138067
0.035423
-0.072835
0.106803
-0.032887
0.077901
-0.123332
-0.093376
-0.036323
-0.003773
-0.112737
-0.048884
0.033521
-0.038021
-0.024368
-0.074368
0.044813
0.017396
0.127576
0.028125
0.113382
0.112097
-0.029900
0.092753
-0.043715
-0.067529
-0.048457
0.074494
0.004712
-0.032690
-0.022532
0.042713
0.048870
0.019154
-0.020162
-0.064737
-0.132796
-0.078670
0.044890
-0.050963
0.136073
-0.044559
-0.029240
-0.174728
0.114366
-0.129598
0.061815
-0.082146
-0.125088
-0.026186
0.041055
-0.101866
-0.114374
-0.117590
0.018065
0.054818
-0.038254
0.021407
-0.040768
-0.051380
-0.162726
0.053069
-0.005087
0.069658
-0.019553
-0.047889
-0.066595
0.115237
0.117583
0.013062
-0.112663
0.001706
0.066447
0.024023
0.129204
-0.038343
-0.019682
-0.204928
0.110963
0.165487
0.098083
0.015688
0.081037
0.008806
-0.060522
-0.040659
-0.078843
0.013306
-0.072034
-0.057596
-0.003333
0.045182
-0.098563
0.048507
-0.090175
0.066658
0.111217
0.231114
-0.051252
0.116246
0.081037
0.059686
0.017928
0.040334
0.011336
0.127100
-0.127087
-0.166624
0.101890
-0.086783
0.074282
0.126371
-0.041468
-0.013786
-0.046605
-0.048929
-0.009015
0.155470
-0.052595
0.031357
0.011169
0.015364
-0.066087
0.042395
0.142423
0.121751
-0.038981
-0.036648
-0.100970
-0.057839
-0.090340
0.105290
0.037051
0.087659
0.020609
-0.007637
-0.088541
-0.063806
-0.024069
-0.072662
-0.067916
-0.014223
0.034588
-0.012203
-0.061013
0.029411
0.107241
0.149666
0.072614
0.007785
-0.151074
-0.097179
-0.208994
-0.089020
-0.101631
0.017269
0.072648
0.042039
0.017694
0.054708
0.085719
-0.057921
-0.000905
-0.033054
-0.177788
0.058379
0.078455
-0.091753
-0.007706
0.070329
0.054946
0.124076
-0.103858
0.053741
-0.104416
0.135409
0.148209
-0.083265
0.138825
0.027199
0.022792
0.047805
0.009019
0.053462
0.143146
0.022907
-0.047597
-0.033505
-0.039586
0.016758
0.026853
0.041041
-0.024786
-0.018995
0.086331
-0.057876
-0.036886
-0.032955
0.097508
-0.010950
0.095679
-0.093051
-0.118836
0.060010
-0.067218
-0.007222
-0.022776
0.010392
-0.012405
0.021635
-0.060041
0.038799
0.020408
-0.134304
0.026585
0.094929
0.001262
-0.007999
-0.121443
0.025522
-0.025566
0.019176
-0.116905
0.009060
-0.096726
-0.013537
0.069536
-0.015719
0.029442
-0.091759
0.000835
0.042542
-0.086185
-0.083426
0.067736
0.056596
-0.041611
0.052150
0.036042
-0.075406
-0.055468
-0.035211
0.005502
0.078039
-0.047627
0.037673
0.066567
-0.088569
0.029617
0.000447
0.098955
0.072311
-0.074331
-0.037154
-0.044594
0.036138
0.042081
-0.011643
0.013332
-0.012414
-0.016648
0.099638
0.031034
0.059597
0.014687
-0.039958
0.030728
-0.089045
0.070423
-0.046904
0.119417
0.014308
-0.058502
0.007773
0.023534
0.041285
0.095512
-0.146659
-0.101667
-0.166020
-0.115115
-0.014591
-0.100937
-0.055747
0.129161
0.014177
-0.093933
0.029951
0.012300
0.094660
0.006965
0.070137
0.143170
0.096428
-0.024800
-0.029474
-0.047271
-0.026796
0.067820
0.130558
-0.022872
0.084475
-0.101749
0.029703
-0.040809
-0.012173
0.068054
0.068767
0.057280
0.007838
-0.017697
-0.040280
-0.034883
-0.166114
-0.053505
0.084252
-0.005325
-0.006771
-0.059553
-0.021719
0.056727
0.101504
0.031358
0.137347
-0.011704
-0.004273
0.080186
0.029251
0.081252
0.036097
0.015263
0.050917
0.013328
-0.032579
0.094684
-0.086010
0.013752
0.012368
0.019269
0.047482
-0.035984
-0.008538
0.050816
-0.015077
0.093988
-0.057833
-0.081126
-0.173525
0.048081
0.031799
0.054311
-0.003460
0.078415
-0.051938
-0.002562
-0.036180
-0.024099
-0.015082
0.004515
0.049233
-0.083939
-0.112727
0.004248
0.075989
-0.028764
0.060139
-0.015009
0.049878
0.001013
0.016876
0.056927
-0.008370
0.049013
-0.052557
-0.058261
-0.050882
-0.002888
0.054862
-0.072456
-0.036129
-0.010428
0.053483
0.020230
-0.019445
-0.038083
0.114210
-0.060541
0.068536
-0.142705
-0.036948
0.055304
0.065455
0.019765
0.061582
0.015058
-0.062123
-0.014680
-0.136431
0.011392
-0.052579
0.001151
0.130495
-0.007758
-0.045596
-0.178425
-0.005064
-0.106369
0.071974
-0.070173
0.001065
0.070828
-0.050280
0.016424
-0.051804
-0.058665
-0.129494
-0.030432
0.082339
-0.044669
0.022547
-0.003293
0.010106
0.026945
-0.044066
-0.067975
-0.024769
-0.020106
0.086790
0.004215
-0.107927
-0.008236
-0.036701
0.163805
0.087667
0.048149
0.068527
-0.029336
0.023516
0.004177
0.033022
0.059724
0.015021
-0.002866
-0.041379
0.073094
-0.078262
-0.004138
-0.007737
0.061124
0.015816
-0.027934
-0.023778
-0.040285
-0.005142
0.025281
0.010595
0.083716
0.043027
-0.078514
0.060516
0.031354
0.098402
-0.059993
-0.013701
0.115982
0.037998
0.020751
-0.047199
0.017491
0.019354
0.055311
0.023895
0.001519
-0.216055
0.001806
0.021132
0.082206
-0.129501
0.042988
0.035494
0.067384
-0.028173
-0.014603
0.084967
-0.020259
-0.142111
0.048683
0.147524
-0.117886
-0.087306
-0.106236
-0.015597
-0.009877
-0.061538
0.017369
0.109006
-0.018839
-0.000457
0.028705
0.157458
-0.044743
0.055303
-0.046562
-0.002666
0.157109
0.156661
0.054817
0.045525
0.029129
-0.053713
0.081715
-0.083956
-0.130209
-0.028064
-0.039582
-0.029225
-0.064586
-0.158511
-0.165695
-0.018111
0.043078
0.052205
0.116955
0.044319
0.112274
0.025907
0.072667
0.095336
0.054920
-0.027032
0.035888
-0.051240
0.056019
-0.081208
-0.067771
-0.069175
-0.014372
0.025007
0.076800
-0.081132
0.071288
0.009170
-0.004882
-0.004470
-0.086370
0.023912
0.008924
0.132592
-0.059965
0.031885
0.055689
-0.048648
-0.050054
-0.139463
-0.044004
0.110624
0.054586
-0.091786
-0.038436
-0.069478
0.116465
-0.044817
0.005664
0.045940
0.025090
-0.091818
0.026818
0.061272
0.025677
-0.103229
-0.060966
-0.019411
0.028351
-0.091953
0.024148
-0.061769
-0.095708
0.030921
0.078011
0.076219
0.030822
0.049132
0.023724
0.055241
-0.002242
-0.026247
-0.019803
0.047446
-0.031719
0.111530
-0.139791
-0.046556
-0.140571
-0.033378
0.033411
-0.059859
-0.133166
-0.078641
-0.019850
0.051184
0.096901
0.054612
-0.082943
0.057263
0.120728
0.002255
-0.064231
0.034048
0.051145
0.099308
0.036993
-0.022389
0.147163
-0.021272
0.103043
0.011544
-0.045990
0.057213
0.075133
-0.027085
0.100148
-0.139893
-0.014321
-0.086200
-0.004251
-0.113177
-0.121359
0.009362
-0.020386
-0.088481
-0.132156
-0.059315
0.067862
0.016823
-0.065408
-0.016861
-0.028322
0.085707
-0.015637
0.038734
0.060389
-0.089146
-0.015338
0.066621
-0.007196
0.006596
-0.021679
0.004168
-0.028558
-0.061837
-0.041537
-0.120635
-0.089917
-0.086618
-0.051873
0.035053
0.057152
-0.051855
0.104974
0.000140
-0.003999
-0.086583
-0.068800
-0.005379
-0.059036
0.018017
0.097428
0.144077
0.053215
0.096046
-0.024370
-0.000036
0.077705
0.042955
-0.074462
0.030872
-0.037608
-0.074132
0.000053
-0.113087
0.006086
-0.040132
0.026616
-0.005452
0.060213
-0.012091
-0.012112
0.100583
0.055419
0.056923
0.038477
-0.139575
-0.004072
-0.100500
-0.080992
-0.055989
0.149340
-0.072726
-0.030287
-0.008965
0.101899
-0.096945
0.108651
0.015755
0.078179
0.131131
-0.041396
0.002210
0.049183
-0.099100
-0.074514
0.106479
0.020338
0.119780
-0.043432
-0.000153
-0.011945
0.073760
-0.017711
0.094674
-0.017099
0.016150
-0.041331
-0.053929
0.046132
0.004261
0.028002
0.028360
0.101456
0.000718
0.038975
0.211998
0.100989
0.133851
0.035227
0.081642
0.043188
0.006718
0.107661
0.060763
-0.040805
-0.086711
0.009468
-0.044740
-0.030343
-0.077480
-0.049845
-0.053542
0.031022
0.021558
-0.052745
-0.042665
0.008292
0.024009
-0.129087
-0.067837
-0.070172
0.058107
0.018171
-0.000310
-0.014189
0.017403
-0.052383
0.004015
-0.084627
-0.030732
-0.041351
-0.039887
-0.034898
0.063721
0.014668
0.119051
-0.020165
-0.025679
0.070579
-0.012028
0.005519
-0.024755
-0.039047
-0.005040
0.003015
-0.061831
-0.048759
0.055673
0.054806
-0.078648
0.119777
0.037275
0.114427
0.119900
-0.082645
0.010441
0.156938
-0.144651
-0.013712
-0.030481
0.041769
-0.120392
-0.062627
0.205194
0.041519
0.027171
0.006602
0.137635
-0.080060
-0.018674
0.041443
-0.081293
-0.035763
-0.011993
-0.022287
0.082535
-0.103474
0.155321
0.016830
0.028450
-0.019604
-0.072349
-0.117568
0.014109
0.042473
-0.010708
0.151893
-0.061730
0.021094
-0.052182
-0.087386
-0.093385
-0.038780
-0.012335
0.122221
-0.037740
0.056461
0.051309
-0.043855
0.051155
-0.019333
0.037309
0.062768
-0.003810
0.019745
-0.042285
-0.006026
-0.021204
0.019196
0.037646
0.016105
0.054440
0.023594
-0.109315
0.006535
-0.047125
-0.001707
-0.084852
-0.097824
0.045798
-0.008605
-0.007278
-0.064096
-0.067886
0.121653
0.071081
-0.000459
-0.054483
0.070726
-0.083310
-0.140504
-0.004280
0.172057
0.055465
0.051551
-0.051774
0.045350
-0.071312
-0.002288
-0.048661
-0.029565
0.107776
0.031795
0.064252
0.049610
0.014943
0.103657
-0.021658
0.032802
-0.047351
0.067176
-0.081571
-0.084883
-0.073890
0.010259
0.058404
-0.081356
0.121347
0.017978
-0.077328
0.028874
0.032478
-0.018938
0.053804
-0.017226
-0.089224
-0.003600
0.029581
-0.046277
0.021547
-0.048216
0.051605
0.008226
-0.063776
-0.013667
-0.031139
0.070968
-0.061986
-0.137962
0.014046
-0.118109
-0.155949
0.023209
-0.005455
0.060848
-0.114857
0.038355
0.085713
0.032045
0.015186
0.116424
0.038330
0.053231
0.072740
0.037777
-0.119664
-0.028224
0.067067
-0.036037
-0.056054
0.001619
-0.008562
0.045945
-0.095325
-0.131515
0.118785
-0.110477
-0.086494
0.031284
0.103932
-0.078567
-0.056333
0.020862
0.100319
0.014269
-0.065708
-0.064720
-0.047377
0.051895
-0.048417
0.024483
-0.079958
0.019847
0.076340
-0.040369
-0.083677
0.057556
0.014249
-0.059265
-0.007351
0.036633
-0.095110
0.012981
-0.037182
-0.075981
0.142730
0.042018
0.064335
0.095384
0.057911
-0.012804
-0.002510
-0.100607
-0.117956
0.045139
-0.001802
0.099240
-0.070922
0.038632
-0.086312
0.170610
-0.047102
0.044306
0.033906
0.048518
0.120419
-0.059386
0.071092
-0.090798
-0.000282
-0.195214
-0.046476
-0.055812
0.030598
0.044335
0.003969
-0.034334
-0.040116
0.006653
-0.094032
0.023556
-0.054904
-0.095811
-0.035265
-0.083807
0.092236
0.011942
0.054823
-0.108884
0.110475
-0.043338
0.048460
-0.026029
0.095837
0.038369
-0.033424
0.072608
-0.042562
0.109360
-0.138940
-0.026340
0.007158
-0.003098
0.119082
0.005433
-0.049587
0.010167
0.049977
-0.004918
-0.060278
-0.002022
0.019391
-0.098748
0.002627
-0.113389
0.074371
0.112930
-0.061602
-0.083979
0.043431
-0.072962
0.013949
-0.109794
-0.050440
-0.072105
-0.049938
-0.153448
-0.035112
0.046470
0.098152
-0.092746
0.093522
-0.040656
-0.118120
-0.016369
-0.038908
0.037040
-0.072897
0.016690
-0.075721
-0.012866
-0.011560
0.044381
-0.028881
-0.029185
0.014015
-0.017713
0.046199
0.001099
0.103753
-0.173044
0.048065
-0.041676
-0.004021
0.088464
0.086342
0.042065
-0.111782
0.038420
0.009152
-0.071718
-0.049198
0.027234
-0.118384
-0.027353
0.115237
-0.053758
0.107697
0.018840
0.015988
-0.034138
-0.092420
0.031244
0.014200
-0.008761
-0.016684
-0.045094
-0.025315
-0.055568
0.039645
0.075793
-0.034548
0.054824
-0.032582
-0.058905
-0.055458
-0.041132
0.039868
-0.078898
-0.025315
0.033674
0.003432
-0.014821
-0.071459
0.003110
-0.169221
-0.162348
0.119580
-0.000246
0.018354
-0.122262
-0.054042
0.210709
0.036867
0.035639
0.034787
-0.035798
0.020371
0.032831
0.053693
-0.092817
-0.036162
0.059999
0.126830
0.071535
-0.079546
0.134662
0.088092
-0.038366
0.043397
-0.032493
0.061982
0.061234
-0.118415
-0.057195
-0.032854
-0.071771
0.065660
-0.093592
-0.109645
0.072112
-0.039032
-0.099822
0.046348
-0.056435
0.031495
-0.013827
-0.036315
0.074577
-0.001427
-0.032114
-0.099952
0.047260
-0.080305
0.053997
-0.012775
0.050293
-0.173813
-0.066883
-0.014012
0.036532
0.150074
-0.033958
-0.011805
-0.075474
0.142451
-0.103055
-0.001468
-0.101706
0.043098
-0.031346
-0.137068
0.047547
-0.078001
0.108861
0.062617
0.136242
0.016928
-0.053326
0.020962
-0.006495
-0.068009
0.053174
-0.042478
0.081806
-0.049552
-0.068445
0.083545
-0.144977
-0.098672
-0.036982
0.014044
0.072192
-0.032054
0.097521
0.001663
0.032636
-0.064572
0.016859
0.138927
0.035441
-0.043892
0.047677
0.038162
-0.001789
0.093589
-0.076668
-0.021491
0.005375
-0.003405
0.066949
0.004890
0.045152
-0.025032
-0.056859
-0.009157
-0.059172
-0.057756
-0.006262
0.083821
0.016516
0.061990
-0.129818
0.070272
-0.076536
-0.048160
0.064174
0.068763
0.039356
0.164081
0.004767
-0.162124
-0.133116
-0.056916
0.032139
-0.060352
-0.082883
0.008032
-0.000558
0.034668
0.082344
-0.105423
-0.150473
0.116133
-0.059566
0.004246
0.151264
0.048584
-0.029891
0.019412
-0.088961
0.013177
0.096572
0.053624
-0.006871
0.065305
-0.124260
-0.051361
0.028430
-0.040916
-0.010199
0.042957
0.028638
-0.002657
-0.093781
-0.025435
0.088773
0.050234
-0.159398
-0.086406
0.055910
-0.009614
0.117839
-0.058895
0.107872
0.054598
0.024316
-0.048504
-0.013534
-0.073478
-0.102384
0.024036
-0.082169
-0.074691
-0.160900
0.038105
0.036898
0.053735
0.005405
0.073076
0.028502
-0.021056
0.043169
0.054751
0.008357
-0.058999
0.133722
-0.012183
0.099268
0.079453
0.109068
0.014394
0.064903
0.055398
0.104480
-0.064298
-0.018377
-0.039325
0.187088
-0.030177
0.110118
0.055108
-0.026944
0.079363
0.001920
-0.132246
-0.014236
0.088540
-0.040945
0.021375
0.016706
0.022093
-0.016792
-0.010738
0.015062
-0.012152
0.000624
0.047991
-0.116204
0.102417
0.019591
0.005458
-0.033889
0.039880
0.041731
-0.073123
0.044364
0.073683
0.116904
0.077166
-0.081736
0.046563
0.069253
-0.060043
-0.106501
0.100238
0.035889
-0.073036
0.024203
-0.099807
-0.081542
-0.010585
0.085803
-0.044015
0.051098
-0.079108
-0.086349
0.027787
-0.064559
0.022460
0.095817
0.046055
-0.017681
0.051049
0.055718
0.055416
0.128381
-0.042669
-0.050571
0.143754
0.090949
0.034019
-0.021330
-0.218103
-0.129494
0.113083
-0.022522
0.032586
-0.012543
0.070087
-0.071315
0.032112
-0.075345
0.000292
0.077293
-0.142444
-0.079978
0.137132
0.082832
0.086700
0.077142
0.041108
0.039964
0.097195
0.005066
-0.056073
-0.153054
-0.039055
0.012489
-0.010145
0.020895
-0.141163
-0.019018
0.057972
-0.026647
0.040734
-0.057706
-0.017936
-0.102925
-0.037904
-0.005757
0.030896
0.094160
-0.081279
-0.015537
-0.080012
0.059768
-0.115797
0.048932
0.062590
-0.169047
0.032095
0.013795
-0.130093
0.063247
0.070462
0.135963
0.008932
0.085623
0.017288
0.037727
-0.014697
-0.037664
0.055697
-0.141992
0.091462
-0.032274
0.079179
-0.020371
-0.012553
0.000156
0.013456
0.000758
-0.029855
0.051785
0.041253
-0.019796
0.010113
-0.009863
-0.073989
0.028581
0.038031
0.038121
-0.011951
-0.094625
-0.084182
0.131532
0.078296
-0.070379
-0.022597
0.094530
-0.027610
0.069310
0.072516
-0.014382
-0.003059
0.024329
0.105850
-0.024466
0.053637
-0.085791
0.083375
0.132799
-0.083873
-0.009775
0.013799
-0.019958
-0.061014
0.029633
-0.004751
0.086080
-0.032862
0.029900
-0.026100
0.054256
0.015675
-0.151134
-0.019341
0.053096
0.052610
-0.005482
-0.063243
0.062117
0.046622
0.059238
0.091084
-0.147336
0.084047
0.016161
-0.039779
0.024750
-0.023132
-0.171234
-0.090310
0.023405
0.062287
0.101968
-0.021549
0.067414
0.007794
0.071557
0.096396
0.037609
0.065749
0.014175
-0.093218
0.013457
0.000935
-0.122674
-0.061180
0.052617
0.104396
-0.065039
0.075721
-0.073516
0.066179
-0.093308
-0.093015
0.026562
0.005279
-0.042493
-0.041460
-0.086896
0.114029
-0.001759
0.030930
-0.007579
-0.153892
0.007518
-0.148723
-0.033711
-0.029815
-0.046348
-0.005785
0.035101
-0.050634
-0.034241
0.033427
0.016780
0.075427
-0.010881
-0.102643
-0.045077
-0.076328
0.036091
0.027365
-0.001859
-0.042575
0.032183
-0.077681
-0.043780
0.046391
0.125056
-0.023737
0.005174
-0.080044
-0.179378
0.024826
-0.063356
0.033779
0.049731
-0.081884
-0.026679
-0.015213
-0.023090
-0.063568
-0.023331
0.043809
-0.073989
-0.119881
0.030459
0.039216
0.057062
0.062083
0.079389
0.073667
-0.087868
-0.004909
0.005437
-0.029244
-0.029096
0.018419
0.068121
-0.074422
0.048616
0.055381
0.004085
0.080092
-0.001215
0.019452
-0.063285
-0.076213
0.075962
0.048549
0.048382
0.131112
0.043992
-0.044536
-0.076109
-0.108704
-0.037601
-0.128669
0.035373
-0.019115
0.000102
0.141254
-0.015612
-0.055464
-0.057753
0.057850
0.113302
-0.097433
0.047423
-0.037130
0.042391
-0.070453
0.033964
0.077552
0.054600
0.012050
0.014168
-0.017787
0.068323
0.092959
0.017550
-0.035719
0.017363
0.088818
-0.014126
-0.075458
0.013999
0.070042
0.004328
0.038436
-0.033660
-0.038534
-0.103839
-0.059396
-0.108280
0.016612
-0.059390
-0.099530
0.167549
-0.050178
0.067451
-0.025863
0.047537
-0.117438
-0.022020
0.077072
-0.018147
-0.009323
-0.089353
0.157967
-0.046427
-0.043045
0.120993
0.083395
-0.014507
-0.003402
0.053509
0.096291
0.016505
0.043752
0.075306
-0.046821
0.145199
0.102079
0.000448
-0.096617
0.026668
-0.026133
0.053034
-0.005607
-0.006554
-0.130979
-0.078969
-0.131563
-0.025318
0.039567
-0.108473
-0.047385
0.042914
0.103965
0.038393
0.033983
0.140708
0.064720
-0.061778
0.081651
-0.013448
0.083851
0.109999
-0.013079
-0.033691
-0.098156
-0.038896
0.006892
-0.107422
0.075718
-0.045128
-0.021802
-0.035519
-0.025563
0.035913
-0.038602
-0.025439
-0.000386
-0.015771
0.111193
0.024324
0.063114
-0.032029
0.121664
-0.053004
-0.115299
0.012212
0.020062
0.019808
0.037551
-0.052002
-0.060582
-0.057527
-0.012486
0.091715
0.040975
-0.041506
0.020199
-0.050695
-0.067354
-0.029763
-0.014846
0.044961
-0.000271
0.005190
0.005014
-0.068176
0.032575
0.011860
-0.066154
-0.078545
-0.090508
0.241199
0.006501
0.048326
0.000051
-0.015708
0.088090
0.021165
-0.065052
0.027964
0.118717
0.183806
0.109879
0.045249
-0.020155
-0.095056
0.002734
0.082502
-0.128769
-0.063557
0.050888
0.023092
-0.023947
0.014888
-0.019555
0.140346
-0.110469
-0.127959
0.027790
0.023679
-0.021951
0.155926
0.114487
0.048073
0.096389
-0.056101
-0.116195
-0.026935
-0.021672
-0.026585
0.063449
-0.008071
0.052714
0.151425
0.095114
0.015954
0.092008
0.057364
-0.027203
-0.119906
0.001525
-0.027281
0.019957
0.041308
-0.005949
0.162205
0.122630
-0.038275
-0.048774
-0.095867
0.146542
0.053219
-0.128259
-0.017195
0.085429
-0.032871
0.058568
0.061345
0.064696
0.004554
-0.029413
0.053546
-0.019007
0.033506
-0.002740
-0.169531
-0.092409
-0.005976
0.110900
0.065002
0.036463
0.026138
0.132140
-0.133915
-0.018506
0.091983
0.005560
0.015220
0.066000
-0.062060
-0.049521
0.040848
0.040974
0.004599
-0.072842
-0.169999
-0.120394
-0.041275
-0.104000
0.099940
0.092848
-0.018140
-0.101330
0.112768
-0.034710
-0.021159
0.013062
0.014412
-0.048841
0.027664
-0.070666
0.039868
-0.000297
-0.039882
0.006396
-0.046324
-0.057414
0.061063
-0.118235
0.022984
-0.082863
0.140329
-0.074935
0.066943
0.029187
-0.168236
0.075237
0.011683
-0.044193
-0.106895
-0.049060
-0.028207
-0.051683
0.071128
-0.132163
0.108703
0.022377
0.151489
-0.057261
-0.069551
-0.030125
-0.035016
0.032585
0.012410
0.019457
-0.015501
0.008946
-0.009316
0.074092
-0.022926
0.011699
0.086778
0.171625
0.028184
-0.108495
-0.101145
0.103984
-0.027523
-0.010651
0.029401
-0.008298
0.013245
-0.134369
0.098547
-0.043464
0.013837
-0.042021
0.002720
-0.124177
0.154793
0.018470
0.039843
-0.063760
-0.102473
-0.016251
0.025971
-0.003568
0.049257
-0.032388
0.077424
-0.083702
-0.050842
-0.118209
0.065876
0.065051
0.001853
0.031329
0.142022
0.065582
-0.034032
-0.152472
0.014056
0.012229
0.021950
-0.081388
0.063573
-0.010895
-0.015252
0.025485
0.023093
-0.069041
-0.055148
-0.194202
0.075688
-0.007800
0.129171
0.011717
0.032279
0.004957
-0.084777
-0.044634
0.142053
0.040597
-0.051418
-0.074987
0.053554
-0.072905
-0.075837
0.007912
0.128482
0.018888
0.005509
-0.003657
-0.044457
0.006699
-0.099718
0.054256
-0.072775
0.110859
0.038373
-0.005837
-0.071007
0.043793
-0.006608
-0.094489
0.040581
-0.033211
0.146878
0.158685
0.095474
-0.017333
0.086330
-0.062024
-0.052055
0.003121
-0.015732
0.148162
-0.112509
0.025469
-0.117762
-0.077135
0.142878
0.057220
0.011581
0.110280
0.041878
-0.177456
-0.136504
-0.063438
0.021542
0.079617
-0.039599
-0.004311
-0.079994
-0.068932
0.096111
0.020869
0.072121
0.198427
0.012289
0.134129
-0.007688
0.068272
-0.023153
-0.080127
-0.147045
0.042284
-0.047185
-0.090081
0.025336
-0.043974
-0.084850
0.060940
0.020761
-0.013613
0.030529
-0.036403
-0.049328
0.026384
-0.020054
0.036785
-0.094145
0.022123
-0.104652
0.074797
-0.102048
0.057069
-0.058973
-0.074350
-0.077419
0.012998
-0.023901
-0.065504
0.026039
0.009794
-0.105121
0.103870
-0.131935
-0.013289
-0.051039
0.036433
0.000499
0.022877
0.127069
-0.019385
-0.137378
0.039374
-0.033546
-0.061002
0.051751
-0.020425
-0.081724
-0.084717
0.086116
0.030558
-0.017448
0.048879
-0.092420
-0.000611
0.036838
0.044323
0.062192
-0.005506
0.029017
0.039892
0.135574
0.008176
-0.061506
0.098586
-0.094242
0.031497
-0.097848
0.117717
-0.079420
0.096358
-0.064667
0.011898
0.063742
0.036305
-0.037665
-0.011503
-0.008307
0.040374
-0.037833
-0.176448
-0.008071
0.052666
-0.056838
-0.114839
-0.003734
-0.101718
0.061206
0.202593
0.026928
-0.035397
0.018461
-0.048163
-0.001804
-0.009820
0.081936
0.025253
-0.016906
0.048593
0.032515
0.088433
-0.039968
0.001960
-0.152303
-0.012831
-0.023234
0.028840
-0.011621
-0.052554
-0.024856
0.058686
-0.040475
0.006061
0.032356
0.073482
0.092956
-0.010457
0.125576
-0.023389
-0.052469
-0.023032
-0.180058
-0.056966
-0.078614
-0.148873
0.123700
-0.031095
0.010779
0.012195
0.128237
-0.031249
-0.015584
0.053541
-0.013164
0.070517
-0.029927
-0.127959
-0.049488
0.101031
0.080459
-0.121360
-0.006036
-0.143047
-0.074627
0.062454
-0.023211
0.036099
-0.082662
0.016110
-0.118459
0.046472
0.033263
0.062019
-0.035155
-0.061245
0.053277
0.133960
0.053292
0.001102
0.026788
-0.049348
0.003383
-0.068648
-0.024281
0.139048
0.086022
0.033136
-0.069874
0.162624
-0.000609
0.028513
0.054262
-0.060637
0.078750
-0.046147
0.068813
0.091221
-0.012744
0.040391
-0.170485
-0.097900
-0.133312
-0.145803
0.070600
0.095621
-0.036862
-0.108160
-0.038090
-0.007631
-0.002044
0.160559
-0.019494
-0.033179
0.063185
-0.087001
-0.077465
-0.035204
0.063202
-0.125054
0.046003
-0.024533
-0.043653
0.036454
-0.032315
0.145903
-0.011150
-0.044634
0.113601
-0.064552
-0.000860
-0.194235
-0.026169
-0.047900
0.043708
-0.037341
-0.055110
0.043115
-0.124615
0.003638
-0.028703
0.079898
-0.028392
-0.079305
-0.034453
0.095625
0.022563
0.095476
-0.099266
-0.011722
-0.036723
-0.000201
0.041394
0.000332
0.032362
0.055264
-0.050471
0.030875
0.002333
-0.004587
0.056364
-0.000321
0.015134
0.090485
0.041563
-0.010383
-0.029593
0.038014
-0.027947
0.074902
0.068757
-0.059777
-0.096232
-0.050684
0.009944
0.072512
-0.023069
0.073348
-0.069251
0.164765
0.063506
0.153719
0.064628
0.147988
-0.006670
0.042039
-0.044935
-0.075355
-0.016131
-0.001866
0.145376
-0.010241
-0.081447
-0.006909
0.074407
0.015340
0.137427
0.106356
-0.042521
0.021934
-0.081296
0.039949
-0.103241
0.107353
0.163773
0.024949
-0.033267
0.002147
-0.049141
-0.036649
-0.119819
0.066673
0.070040
0.027889
-0.001674
-0.106418
0.022647
0.102964
0.074271
0.068949
0.030926
-0.008193
-0.109120
-0.007740
0.080054
0.044000
0.091833
0.127124
0.038794
0.043711
0.054344
-0.042438
-0.000852
0.087656
-0.003320
0.051158
-0.030086
-0.088971
-0.071959
0.008271
-0.103766
0.177740
0.022526
0.101748
0.013189
0.079651
0.030609
0.046914
0.092337
0.036719
-0.027451
-0.056009
0.024501
-0.101915
0.027374
-0.014340
-0.015217
0.001781
-0.028968
-0.020963
-0.058748
-0.038888
0.025634
0.061608
0.085068
0.081429
-0.013637
0.065694
-0.016223
-0.042166
0.027059
-0.076136
-0.013233
-0.040339
0.122272
-0.040248
-0.020830
0.082224
-0.107746
-0.130494
0.032877
0.060020
0.127490
-0.016398
0.052372
-0.130949
0.113180
0.021009
0.063681
-0.019824
0.006466
0.018753
-0.041593
0.063610
-0.069495
0.148543
0.073598
-0.111308
-0.011109
0.025765
0.002740
0.017597
-0.030018
0.021768
0.025634
0.018169
-0.007110
0.035238
0.017788
-0.027150
-0.044237
0.037377
0.078133
0.028820
0.004798
0.061425
-0.163505
-0.069119
-0.088915
-0.143666
0.009962
-0.103106
-0.027927
0.009825
-0.052188
0.037882
-0.020245
0.020752
0.031634
0.035229
0.066903
-0.034857
0.117803
0.058601
0.090562
-0.074182
0.021982
0.091734
-0.112747
0.044737
0.131305
0.011433
0.052168
-0.008369
0.093413
-0.016596
-0.030262
-0.030501
-0.115825
0.147641
-0.053751
-0.015067
0.026262
-0.029518
-0.014139
-0.114009
-0.111367
0.032043
-0.026124
0.068869
0.049865
0.080353
0.002997
-0.018269
-0.021941
-0.033899
-0.007814
-0.046673
0.050617
-0.014495
0.183968
-0.001882
-0.008333
-0.056213
0.010786
-0.004276
0.066423
0.000896
0.019485
0.059197
0.039506
-0.110576
0.034784
-0.166585
-0.059103
0.040800
0.050336
-0.105481
-0.144785
0.103264
0.052838
0.071688
-0.073208
0.014183
0.011413
0.105175
0.092895
0.019746
-0.092150
-0.055759
-0.031358
-0.037829
0.042643
0.021144
-0.003841
-0.045051
0.030969
0.089787
-0.045066
0.075151
-0.060708
0.016931
0.122309
-0.185878
-0.011279
0.059745
-0.004313
-0.105217
0.020249
-0.032842
-0.040467
0.109846
-0.081493
-0.068310
-0.012416
0.041412
-0.124223
0.004636
0.015788
-0.036853
0.117765
0.048500
-0.018720
0.043954
-0.029993
-0.082881
0.023844
0.029691
-0.038823
0.077074
-0.065032
0.160619
-0.006321
0.041923
-0.050373
0.037082
0.043286
0.157291
-0.056701
0.035075
0.026273
0.014821
-0.059275
-0.046942
0.020661
-0.020207
0.008579
0.034444
-0.033369
0.061126
0.010995
0.041948
-0.022163
0.081012
-0.037438
-0.055685
0.136787
0.035821
0.065628
-0.082624
0.008726
0.007367
-0.033538
-0.036726
0.019112
-0.016558
0.052493
-0.166846
0.010358
0.125131
-0.066171
0.015316
0.060371
-0.021328
-0.058317
0.072692
-0.090937
-0.016762
-0.029276
0.053481
-0.004197
-0.027973
0.014421
0.040215
0.109277
-0.071707
-0.020158
0.106312
0.031577
0.063478
-0.014268
0.017846
-0.006192
-0.094089
-0.081937
-0.110409
-0.051532
0.010022
-0.003828
-0.028689
-0.076433
-0.027163
-0.168005
-0.138840
0.030606
-0.015157
0.040932
0.129535
-0.054003
-0.000264
0.132203
0.024886
-0.036413
-0.040429
-0.008694
-0.026105
0.055209
-0.080940
0.050567
0.061676
0.018878
0.112661
-0.069314
0.031852
0.099621
-0.017476
0.098595
-0.067054
0.018690
-0.015887
0.048732
0.048696
0.078578
0.077985
-0.147772
-0.080273
-0.074045
-0.037890
0.018322
-0.011604
0.016878
0.160402
-0.018639
-0.059602
-0.025531
0.064996
0.002773
0.194357
0.029585
-0.021588
-0.012559
-0.077597
-0.087260
-0.007141
-0.140983
0.027937
-0.102909
-0.193173
-0.017191
-0.056174
-0.064789
-0.033314
-0.021260
-0.022500
0.001898
-0.008533
-0.011291
-0.037289
-0.022819
0.071109
-0.026193
0.031199
0.040164
0.029867
0.056830
-0.020086
-0.013487
-0.081986
0.060220
-0.004339
-0.006553
0.032798
0.022500
-0.019250
0.196879
0.022440
-0.050305
0.080443
-0.156442
-0.096957
-0.062611
0.051203
0.042883
-0.026847
0.008636
-0.147784
0.106446
0.028910
-0.022418
-0.001277
0.011371
0.102731
0.013967
0.102778
-0.043702
0.067171
-0.066889
0.160364
-0.125928
0.069483
0.073303
0.079437
-0.052070
-0.021066
-0.005602
-0.081835
-0.020511
0.001775
-0.013720
0.117332
-0.048304
0.013660
0.014317
0.090839
-0.159968
-0.028285
0.077439
-0.101673
-0.032706
0.126225
0.125179
0.005568
0.002210
0.041925
-0.004713
-0.025254
0.008699
-0.045644
-0.075365
-0.007995
-0.112935
0.070169
0.078429
0.007253
-0.003880
0.040397
0.084147
0.086880
0.053401
-0.015775
0.022303
0.069896
0.018386
-0.155609
-0.033210
0.020470
-0.017481
0.132219
0.000935
-0.025154
-0.039887
0.105991
-0.103198
0.119673
-0.062131
0.054980
0.082034
0.075101
0.047806
-0.004626
0.087204
0.026117
0.099020
-0.023698
0.079220
0.072203
-0.095190
0.017446
0.016446
0.067717
-0.005068
0.047227
-0.035992
0.080210
0.075402
0.146356
0.023319
-0.152424
0.085851
-0.030948
-0.044050
0.113135
0.120840
0.132808
-0.051770
0.025271
-0.086473
0.004287
0.056240
-0.132021
0.047989
0.015939
0.008888
0.075619
-0.038584
-0.015635
0.044713
-0.119856
0.007295
0.020099
0.003732
0.151360
-0.044129
-0.069942
-0.017744
-0.028362
-0.003155
0.018148
0.047933
-0.127867
0.066021
-0.012608
-0.069127
-0.114506
-0.056204
-0.046620
-0.047896
-0.003529
-0.111699
0.028660
0.087220
-0.069375
0.136327
-0.056990
-0.143615
0.006485
-0.014044
-0.098989
-0.169028
-0.099180
0.004526
0.016062
0.077663
0.004145
0.008272
-0.034941
0.050184
-0.013028
0.054873
0.018472
0.005937
-0.054653
0.065271
0.101544
-0.108809
-0.051833
-0.046552
-0.022925
0.139620
0.002156
0.012990
0.035151
0.009492
0.128160
-0.036146
0.020399
-0.086739
0.033679
-0.040909
0.034663
0.020300
-0.093113
0.119078
0.066316
0.098935
-0.072546
-0.053954
-0.017035
-0.005611
-0.094893
-0.031662
-0.028645
0.095299
-0.011183
-0.047363
-0.118149
-0.093124
-0.111616
-0.042310
0.048709
-0.091959
0.130064
-0.026158
-0.066709
0.000454
-0.007836
-0.113945
0.095855
0.060545
-0.038667
0.008227
0.040517
0.070802
-0.053256
-0.001953
0.107194
-0.024938
0.015618
-0.012587
-0.009848
-0.089796
0.047547
0.024242
0.105554
-0.095370
-0.062658
-0.029865
0.094878
0.033109
-0.094992
0.112340
-0.090026
-0.033310
0.025105
-0.105149
0.028816
0.039080
0.159783
-0.037586
-0.013189
0.067119
0.017542
0.060086
0.008323
0.096476
0.090678
0.003612
-0.002181
-0.009364
0.039931
0.050186
0.058469
0.089092
-0.011397
0.191907
0.012664
-0.033228
-0.120123
0.003915
-0.172082
0.013478
-0.088292
-0.007066
0.018169
0.077548
0.069471
0.063872
0.105809
0.033554
0.012827
0.035779
-0.044456
-0.023453
0.073411
0.000603
-0.061520
0.009263
-0.033905
0.027815
0.016615
-0.027598
-0.091597
-0.096022
0.032130
-0.011130
0.065097
-0.120157
-0.012350
-0.094588
-0.086049
-0.084962
-0.048949
0.062734
-0.034208
-0.031609
0.062066
-0.012530
0.021523
-0.074001
0.076020
0.060316
-0.071848
-0.049103
0.048484
0.073523
-0.023615
0.017265
-0.045873
0.068431
0.004978
0.045635
-0.006811
-0.035181
0.059323
0.040950
-0.001172
0.062072
0.049075
0.092252
0.029580
-0.058044
0.023450
0.026624
-0.015783
-0.035435
0.061107
0.043862
-0.075272
0.073362
0.005933
0.049279
-0.086409
-0.068786
0.074835
0.017706
0.090465
0.048829
-0.062975
0.027355
0.103501
-0.022459
0.064604
0.024069
0.024441
0.137482
-0.141421
-0.072588
-0.065259
-0.000976
-0.050031
-0.033268
0.030476
-0.089929
-0.076764
-0.012127
-0.021079
0.139053
0.029269
0.034613
0.010246
-0.180284
-0.074314
-0.099832
-0.081206
0.051218
0.007725
0.023712
-0.090020
0.036878
0.023267
0.008457
0.080320
-0.051528
-0.018047
-0.074156
0.047855
0.086295
-0.030820
0.014297
0.024354
-0.091383
0.098715
-0.131959
0.052400
0.022093
0.097838
-0.039759
-0.013283
-0.003536
-0.011308
-0.026401
-0.101498
-0.009250
-0.017462
0.034492
-0.007188
-0.093759
-0.056162
-0.005916
0.032673
-0.104408
0.050498
-0.068479
-0.009880
-0.105279
-0.153215
0.009647
0.069787
0.088716
-0.151080
-0.006088
0.058066
-0.068297
0.073440
-0.118373
-0.050217
-0.069855
-0.039395
0.000862
-0.018503
-0.075264
0.063000
-0.015734
0.066049
-0.024047
-0.040008
0.015769
-0.069883
-0.022408
-0.019250
-0.003289
0.005314
-0.054978
0.109729
0.012446
0.026280
-0.143235
0.162830
0.033446
-0.012786
-0.107544
-0.066646
-0.032116
-0.042546
-0.066974
0.040288
-0.177085
-0.054210
-0.004554
-0.105752
0.080485
-0.006143
0.028034
-0.060839
-0.114713
0.065322
0.068468
-0.086945
0.078638
-0.019487
0.109017
0.112623
0.030490
-0.028092
0.045362
0.068149
-0.004913
0.100805
-0.117725
0.030792
-0.041468
-0.003649
0.043949
0.085487
-0.052230
0.032492
-0.024229
0.003087
-0.105019
0.053075
-0.035450
0.051478
-0.045221
-0.026684
-0.007920
0.117450
-0.054983
-0.054810
0.040615
-0.143392
0.030151
-0.094864
0.004193
0.081074
-0.031726
0.036627
-0.030890
-0.113573
-0.095892
-0.065274
-0.122259
-0.141575
0.029888
0.082190
-0.052508
0.039685
-0.116949
0.095749
0.063904
0.028321
0.036416
0.060368
-0.081327
-0.097095
-0.029752
-0.038014
0.023714
-0.008489
-0.076013
-0.038236
0.028148
0.111657
0.026444
0.000320
0.013366
-0.158655
-0.037831
0.000372
-0.001745
0.142291
-0.096978
0.041625
0.012016
-0.134151
0.055722
0.049053
-0.083566
0.024568
0.112192
-0.028842
0.059087
0.070704
-0.108613
-0.023100
0.069054
0.128052
-0.109809
-0.010756
0.018348
-0.046540
0.090089
0.010593
0.100401
-0.047387
0.064021
-0.017919
-0.038240
0.014168
-0.007905
0.019130
-0.047998
-0.014717
0.108942
-0.099880
0.070526
0.021236
0.154278
0.140367
-0.062296
0.125736
-0.031774
-0.049597
-0.089158
-0.044660
-0.042673
0.002508
0.007558
0.011141
-0.045437
0.029278
-0.082428
0.128209
0.010875
-0.031269
0.015561
-0.011265
-0.017587
0.109304
0.166827
0.020097
0.034522
0.044175
-0.196375
0.041470
0.070258
0.033012
0.041111
0.009831
0.038637
-0.030241
-0.046849
-0.047162
-0.088107
0.078597
-0.015391
0.022596
-0.043061
0.072814
-0.038181
-0.051268
0.062301
-0.036628
-0.082510
0.178970
-0.058852
0.063250
-0.068592
0.053156
0.021805
-0.060510
-0.211434
0.141372
0.030633
-0.059735
-0.086875
-0.013102
-0.104889
-0.143097
-0.034477
-0.015243
-0.043133
-0.022260
-0.091588
-0.143164
0.028273
-0.045896
0.090043
0.145758
-0.006101
-0.010581
0.052317
0.054734
-0.036373
-0.132312
0.055601
-0.133061
0.135971
-0.006640
0.066881
-0.005740
-0.041102
0.015307
0.019511
-0.089175
0.039850
-0.032591
-0.046356
0.046007
-0.002306
-0.227743
-0.106050
0.114857
0.083159
-0.000850
0.098071
-0.069997
-0.072456
-0.061384
0.060293
-0.016361
-0.053044
-0.073176
-0.139785
-0.091322
0.005800
-0.043767
-0.069238
0.050333
0.101045
-0.054518
0.019931
-0.009547
0.020996
0.078569
0.062412
0.072552
0.033813
0.085448
-0.032318
0.149590
-0.119517
0.060807
0.124672
-0.052427
-0.126242
0.106901
-0.005311
-0.087548
-0.029817
0.094039
-0.020028
0.009049
0.001356
0.046954
0.014566
0.050044
0.177680
0.019426
0.033400
0.157117
0.019826
-0.069497
-0.134510
0.058220
-0.064032
-0.073725
-0.078885
0.019394
0.016021
-0.009225
0.043831
-0.073429
-0.001532
-0.012700
-0.009287
-0.131442
0.031609
0.246519
-0.111733
-0.006454
-0.150150
0.045760
-0.005859
0.113421
0.061069
-0.072763
-0.014773
-0.022705
-0.057226
0.129608
-0.069987
-0.027698
0.062291
0.050217
-0.007485
0.098818
0.062491
-0.050171
-0.046543
0.004145
0.066940
-0.044140
-0.046174
0.028624
-0.027416
0.005564
-0.052120
-0.042752
-0.011662
-0.066313
0.093392
0.090614
-0.003454
-0.059986
0.041450
-0.011562
-0.049025
-0.015159
0.063762
-0.045464
0.047407
0.080858
-0.031138
-0.104603
0.024190
0.100431
0.066479
-0.150863
0.073867
-0.094884
0.031869
-0.067586
-0.099917
-0.006338
-0.079351
-0.179425
-0.135068
-0.071515
0.042751
0.108292
0.121808
0.023122
-0.109915
-0.077236
0.077874
-0.025402
0.079171
-0.101961
-0.044855
0.065568
-0.016814
0.063281
-0.034030
0.045128
-0.017003
-0.072435
0.090723
-0.005181
-0.178884
-0.149897
0.073065
0.026622
-0.024885
-0.137706
-0.029170
-0.067397
-0.028779
-0.027311
-0.045623
-0.038338
-0.046312
-0.066806
0.008806
-0.070429
-0.100241
-0.038104
-0.183204
0.062018
0.030027
-0.104641
-0.130625
0.076041
0.044314
-0.115298
-0.146869
0.065038
0.073057
-0.048409
0.038624
0.075447
0.018240
-0.216411
0.009697
-0.002984
-0.002425
-0.155918
-0.046161
0.032017
0.048610
0.023934
0.115400
-0.120028
-0.018819
0.079400
-0.237805
0.009705
0.028373
-0.001401
0.062919
-0.056842
-0.066292
0.159681
-0.077740
-0.086601
0.063811
-0.004842
0.004700
0.061046
0.035834
0.049331
0.029191
-0.004800
-0.105574
-0.039669
-0.048712
0.061115
0.016048
-0.102342
0.130553
0.038531
0.096410
-0.037626
-0.052840
0.061875
-0.023530
0.003982
-0.032547
-0.100963
0.062355
0.065227
-0.027669
-0.039641
0.048489
-0.007629
-0.043534
-0.140392
-0.097842
-0.090116
0.008594
-0.192566
-0.096636
-0.004695
0.106254
0.037357
0.028240
0.007940
-0.007008
0.034626
-0.089756
-0.085356
-0.055359
0.040642
-0.017678
0.039393
-0.006238
-0.033370
0.007576
-0.003161
-0.068394
-0.004039
-0.040415
-0.096845
0.083787
-0.112811
0.019369
-0.016435
0.043545
0.034896
0.015151
-0.013732
0.017672
-0.045233
0.145112
-0.060602
0.065521
-0.014096
0.004799
0.059341
-0.044738
0.051445
-0.017110
-0.111083
0.026776
-0.069025
0.016449
0.035830
0.077771
-0.201870
0.035474
-0.009595
0.119086
-0.065605
0.076145
-0.088100
-0.037183
-0.083475
-0.014762
0.051313
-0.130492
0.009294
0.054364
0.092321
0.114561
-0.034323
0.064990
-0.036201
0.013609
-0.031002
-0.013884
-0.000268
-0.013621
0.047637
0.023682
-0.013214
-0.072292
-0.013488
-0.099000
-0.122135
-0.053949
-0.081405
-0.055978
-0.006721
-0.121561
0.095531
-0.042388
-0.015630
0.062752
0.033248
-0.085400
0.002226
0.083060
-0.032292
-0.032081
0.047089
-0.031447
-0.164373
0.050346
0.170736
0.006618
0.016446
0.047208
0.146318
0.059416
-0.075871
-0.063253
-0.062476
-0.072086
0.060195
-0.093393
0.030468
0.081533
-0.020144
0.034336
0.022852
-0.001805
0.030812
-0.000806
0.085589
0.127730
0.119086
-0.001961
0.063852
-0.098980
-0.076946
-0.007001
0.127760
0.056831
0.037748
-0.129320
0.170754
0.002508
0.021016
0.053969
0.049533
-0.025213
-0.062724
0.080159
0.007575
-0.022361
0.094144
-0.063505
0.078272
-0.062867
-0.118018
-0.008499
0.092932
0.117764
0.167842
0.018295
-0.089974
-0.136301
0.119947
-0.094989
-0.076339
-0.015919
-0.045825
-0.057263
-0.051780
0.054373
0.024322
-0.009636
0.146951
-0.058387
0.056324
-0.005156
-0.007559
-0.046322
0.029613
-0.016888
-0.072842
-0.069450
-0.106708
-0.110122
-0.049358
0.026019
-0.019244
-0.060426
0.087411
-0.103919
0.005442
0.054654
0.018487
0.077739
-0.004211
0.056159
0.003750
-0.041906
0.100422
-0.003647
0.001639
0.106274
-0.036505
-0.076318
-0.020918
-0.049028
0.032033
0.033212
-0.063329
-0.062113
0.033686
0.000118
-0.077095
0.004626
-0.010762
-0.069486
0.022645
-0.080670
-0.013755
0.100381
-0.052490
-0.051142
0.116113
-0.004448
-0.095601
0.084345
-0.042128
-0.005468
0.030047
0.003020
-0.033309
0.104518
-0.032918
-0.133632
-0.043160
0.042437
0.103979
0.021329
-0.040845
0.028395
-0.023390
-0.001918
-0.113836
0.014285
0.020253
0.103011
-0.047195
0.010862
-0.033328
0.124936
-0.084149
-0.129380
0.000819
-0.014070
-0.040150
-0.027962
0.013190
0.000351
-0.024102
0.005470
0.064805
-0.030367
0.051763
0.079263
-0.055805
0.071067
0.010796
-0.087204
0.200918
0.052528
0.028608
-0.090674
0.038231
-0.049552
-0.060164
-0.044999
-0.078191
-0.034308
0.002372
0.077557
-0.042529
0.029032
0.005390
-0.120824
0.053093
-0.015791
-0.059084
-0.032676
0.061838
0.080737
0.086840
0.189470
0.076433
-0.009543
-0.032350
-0.051466
-0.000382
0.090258
-0.035440
0.008666
-0.045055
-0.106215
-0.100155
0.020340
0.084194
0.106803
0.031543
-0.000007
0.017955
0.001266
0.029374
-0.075255
-0.055261
0.013045
-0.024065
-0.132766
-0.012061
-0.050285
-0.001456
-0.049435
-0.037454
0.074593
-0.025134
-0.057764
-0.062088
-0.011944
-0.024941
0.048409
-0.025957
0.054246
0.121154
-0.079331
0.023769
0.080871
-0.188449
-0.094260
0.041058
0.070805
0.046112
-0.029026
-0.056484
-0.157616
-0.079059
-0.016342
0.201734
0.004124
-0.026167
0.145421
0.046151
0.024043
-0.066699
-0.000873
-0.053008
-0.077861
0.085588
-0.001319
-0.079783
-0.064470
0.087058
-0.129745
0.030927
-0.119368
-0.010289
-0.017663
-0.087721
-0.105599
0.004440
-0.037666
0.029176
-0.026767
-0.015468
0.044176
0.002737
-0.049753
-0.053350
0.084173
-0.048925
-0.126423
0.040126
0.010052
-0.060869
-0.118258
0.150978
0.093751
0.097524
-0.077988
0.007999
-0.009578
0.007767
0.034878
-0.012171
-0.026057
0.018306
-0.013831
0.006358
-0.016163
-0.003642
0.171936
-0.059214
0.057337
-0.057113
0.037570
-0.158015
0.129282
-0.004333
-0.106054
-0.000722
-0.018568
0.058474
0.015820
-0.025506
0.055258
-0.083314
-0.033491
-0.014517
0.047221
-0.015667
0.004665
-0.008141
0.101123
0.043650
-0.097078
-0.062323
-0.077913
0.128364
-0.031629
-0.078110
0.069296
-0.057563
0.003807
-0.017007
0.063858
-0.054293
-0.000777
0.040916
0.084515
-0.056330
0.007570
-0.104367
0.113817
0.107653
-0.056391
0.073305
0.010580
0.008744
0.049549
0.017133
-0.002196
-0.064554
-0.070480
-0.003721
0.113753
-0.008485
0.150837
-0.009699
-0.020197
0.062276
0.017666
-0.063956
-0.061885
-0.002812
0.074489
0.145450
-0.077067
-0.036646
-0.046502
0.036071
0.007298
-0.020087
0.029794
-0.124482
-0.119649
-0.131738
-0.054213
0.057200
-0.046589
-0.075019
0.115905
0.014834
-0.051583
-0.013619
0.040139
-0.063790
-0.058379
-0.100874
0.058725
-0.071073
-0.094701
-0.004877
-0.100535
0.027899
-0.048287
0.198012
-0.033098
-0.038042
-0.007026
0.054428
-0.118421
0.009114
0.089624
-0.083674
-0.016269
0.014025
-0.018622
-0.024602
0.021571
-0.006816
0.059071
0.007242
0.059075
0.099326
-0.036861
0.102159
-0.075054
-0.113406
-0.018666
-0.091679
0.075499
-0.000831
-0.024399
0.043539
0.082677
0.036978
0.036079
0.029760
-0.006007
-0.019288
-0.076947
-0.118032
-0.010238
0.035987
-0.097493
0.073348
-0.102806
-0.002130
-0.113721
0.044714
-0.069496
-0.037960
0.004981
-0.116600
-0.004058
-0.096991
0.047762
0.092229
-0.040114
0.081302
0.056030
0.078904
-0.008363
0.044792
0.011412
0.029746
0.118447
0.019626
0.022161
0.196075
-0.036673
0.081793
0.018746
-0.124103
-0.092491
0.103696
-0.165881
-0.112503
-0.077941
-0.037659
-0.054396
-0.049895
0.011395
0.142157
0.119047
-0.028272
-0.047918
0.094113
0.101939
0.086120
0.021479
0.098386
0.039001
-0.029648
0.025192
-0.063353
-0.108037
-0.004481
-0.008628
-0.005091
-0.007985
0.035450
-0.047175
-0.002856
0.075076
-0.008218
0.009046
-0.137417
0.020211
-0.042993
-0.005170
0.055249
-0.180333
0.121211
0.058865
-0.021989
-0.065568
-0.055292
0.092327
0.020293
-0.013061
-0.038097
-0.178107
0.120914
0.000981
0.042402
0.074366
0.065217
-0.057882
-0.034451
-0.036174
0.054040
-0.009215
-0.098953
0.026169
-0.048405
-0.031019
-0.114524
0.065583
0.015902
-0.011870
-0.089935
-0.049843
0.045843
-0.078935
0.008454
-0.000049
-0.062285
-0.010254
-0.142913
0.007539
0.177259
0.007897
0.000019
0.030464
0.098269
-0.044054
0.066849
-0.001133
-0.057084
0.033200
0.052384
0.016668
-0.081273
0.049751
-0.057502
0.107112
0.007798
-0.074731
-0.106787
0.038185
-0.084217
0.016606
-0.186805
-0.061779
0.097997
-0.057763
0.047663
0.130450
-0.009379
0.123912
-0.114717
-0.052111
0.117954
0.034331
-0.013968
-0.060108
0.093529
0.003455
0.084532
-0.021041
-0.032208
-0.053767
0.059196
-0.020969
0.019367
0.015361
0.038309
0.009931
0.050744
-0.015632
-0.080933
0.058813
-0.105825
-0.093448
0.025414
0.012666
0.091263
-0.033475
0.102945
-0.074801
0.001870
-0.022595
-0.030549
0.012742
0.064125
0.022364
-0.010093
0.109237
0.072939
-0.128231
-0.030129
-0.017585
0.049614
0.091815
0.022120
-0.018399
0.063106
0.036541
0.060238
0.090200
0.037706
-0.004325
0.013827
-0.098212
-0.014264
0.010945
0.025920
0.003041
0.010524
0.007865
-0.066805
-0.094593
0.026964
0.024229
0.075441
-0.035878
-0.014896
-0.029895
0.153572
0.062304
0.108580
0.023996
0.064362
-0.044258
-0.018298
-0.122160
0.049689
-0.014731
0.053818
-0.025778
-0.141659
0.015171
-0.027828
-0.027892
0.015358
0.137007
0.019271
0.079472
0.140028
-0.090094
0.031085
0.061212
0.068827
-0.038650
-0.022371
0.008881
0.012313
0.089698
-0.139912
-0.132858
-0.028357
-0.028410
-0.026363
-0.103019
-0.090795
-0.016264
0.094323
0.046802
0.051880
0.116414
0.126214
0.022592
-0.074006
0.003890
-0.027145
0.077842
-0.034185
-0.200705
-0.053518
-0.059896
0.006346
0.015697
0.009934
0.028517
0.060544
-0.159281
0.037235
-0.052971
-0.001330
-0.033311
-0.030017
0.001054
-0.100929
-0.083138
-0.014699
-0.030696
0.056827
0.029194
0.052934
0.052034
0.056237
0.123300
0.070807
-0.074647
0.089532
-0.032289
-0.067335
0.005401
-0.001900
-0.027391
-0.035883
-0.014364
-0.085575
0.018212
-0.091411
-0.050910
0.074029
0.027055
0.094160
-0.037097
-0.097619
-0.138041
-0.025568
-0.042538
0.094338
0.010189
-0.047037
-0.059790
0.028578
0.067128
-0.075756
0.013299
0.112590
-0.050512
-0.058359
-0.056639
-0.011839
0.030897
0.042461
-0.027580
0.059834
0.144664
-0.054054
0.134581
-0.007407
-0.014513
-0.027522
0.082191
0.022217
-0.015156
-0.015417
0.013729
0.051286
0.036135
-0.091778
0.000615
0.116885
-0.009267
0.130417
0.051082
0.047426
-0.013535
0.049206
-0.068338
-0.072646
-0.103982
0.020594
-0.055517
0.015929
-0.022948
0.070860
0.155312
0.069779
-0.055105
0.012347
-0.014385
0.001815
-0.063086
0.079673
-0.012626
-0.036041
0.089054
-0.136137
-0.072312
0.044604
0.012931
0.076855
-0.046636
-0.037075
0.068165
-0.034868
0.055497
-0.074394
0.035774
0.026080
0.005188
-0.056919
-0.043736
0.072337
-0.008420
0.005861
-0.002521
-0.280126
0.163826
-0.018166
-0.064239
-0.026479
-0.045870
0.083372
0.048556
0.011980
0.062908
0.016856
-0.001652
0.036808
0.023389
0.104714
-0.038308
0.016772
-0.041502
-0.054343
0.112803
-0.033506
-0.016068
0.034600
-0.013696
0.112823
-0.100138
-0.121372
-0.073440
-0.022801
-0.101393
-0.018492
-0.009072
0.026024
-0.101857
0.037881
-0.004325
-0.018459
-0.019695
-0.073739
-0.024358
0.061863
0.029337
0.028468
0.045696
-0.029700
0.023577
-0.065604
-0.000954
0.004758
-0.023872
-0.006406
-0.134048
-0.013504
-0.107958
0.100955
-0.014431
-0.017747
0.012555
-0.077683
-0.043930
-0.041391
0.031326
-0.033419
0.012187
0.030809
0.089846
-0.092971
-0.010050
0.136691
0.036664
0.002152
-0.014243
0.197705
-0.025459
-0.054860
-0.018410
-0.138417
-0.058624
-0.019364
-0.085282
-0.033157
0.061541
-0.035782
-0.028876
-0.069797
0.043260
-0.022079
0.031018
-0.020174
0.107110
0.165955
-0.054733
-0.011495
0.109383
-0.027854
-0.063162
0.045598
0.116764
0.115810
0.026104
0.074600
-0.018840
0.040760
-0.043343
-0.027380
0.060442
-0.040116
0.031470
0.171052
0.021004
-0.061285
0.031645
-0.118617
-0.130853
-0.116702
0.011378
0.081488
-0.056094
-0.025832
-0.001852
-0.048487
-0.068800
-0.001457
-0.074707
0.096451
0.001793
-0.017752
0.032107
0.126656
-0.112226
0.086438
-0.081964
0.020837
0.047223
-0.088160
0.040905
0.040236
-0.003598
-0.080483
0.113009
0.001653
-0.026419
-0.047835
0.074385
-0.128487
-0.106019
-0.017314
0.059229
-0.044007
0.006637
0.020578
0.134060
-0.035815
0.009745
-0.099850
-0.038612
0.026395
0.062005
0.041854
0.084795
-0.095240
-0.203827
-0.063167
-0.116748
-0.051325
0.003851
0.121615
-0.094399
0.098285
0.024373
0.128091
0.017378
0.128362
-0.031145
0.008281
-0.030491
0.077897
-0.009681
0.001714
-0.003684
0.077209
0.013463
-0.026530
0.038672
-0.080788
-0.022265
0.059029
-0.033406
-0.007520
-0.005676
0.003158
0.085091
0.047807
0.051184
0.071308
-0.113556
0.039332
-0.123274
-0.043550
0.107342
-0.055750
0.007979
-0.014781
0.082008
-0.032784
-0.111400
-0.030623
0.061172
-0.017886
0.010974
-0.062079
0.063006
-0.093334
-0.119114
0.074522
-0.054197
0.159858
0.050767
-0.033846
0.019524
0.019212
0.151198
-0.043313
0.055741
-0.136770
0.012448
0.154088
0.136698
0.028574
0.043496
0.034501
0.042722
0.047195
0.082351
-0.027061
0.107691
0.057399
0.054232
0.028323
0.044815
-0.018498
0.029122
-0.012110
-0.011468
-0.024299
0.041724
-0.078489
-0.060550
-0.018910
-0.113263
-0.068243
-0.024267
-0.002725
0.039805
-0.041918
-0.026862
0.008810
-0.138740
-0.051157
-0.112139
0.032222
-0.172019
0.005876
-0.000794
-0.075083
-0.036872
-0.083318
0.130645
0.103966
0.019723
0.011233
0.039480
-0.126739
-0.028322
-0.051301
-0.056747
0.100584
-0.090755
-0.022164
0.018034
0.050908
-0.113859
0.086103
0.128569
-0.083099
-0.058534
-0.016239
-0.160821
0.073281
-0.076221
0.023551
0.070527
0.034675
0.053562
0.084448
0.030599
0.015388
-0.032728
-0.010959
-0.066941
-0.057474
-0.057515
0.012430
0.000644
-0.032745
-0.146829
-0.054954
-0.100713
0.055598
-0.096755
-0.072414
-0.019517
0.042539
-0.008377
-0.030050
0.024936
-0.046313
-0.090135
0.012784
-0.061937
0.040399
0.022575
0.068026
0.071527
0.154963
0.030264
-0.007771
0.065706
0.156117
0.114760
-0.021532
0.074064
-0.015514
-0.137095
-0.016038
0.021504
-0.088718
0.069629
-0.015769
-0.001590
0.054739
0.087149
-0.109425
0.124155
-0.016356
0.008206
0.009723
-0.020996
-0.025708
0.023561
0.045410
-0.048740
-0.077510
-0.057114
-0.031724
0.057261
-0.076446
-0.034070
0.056733
0.058012
-0.113886
-0.104418
0.035557
-0.057319
-0.101622
-0.097325
0.019111
-0.051714
-0.076767
-0.029296
0.075330
0.120657
0.032506
-0.007493
-0.060105
-0.130844
-0.165715
0.050111
0.007939
0.008003
0.176989
-0.021845
-0.064232
0.114158
-0.043669
-0.072149
0.086005
0.040240
0.014250
-0.019475
0.040223
0.068103
-0.095393
0.006294
-0.077723
-0.053476
0.041652
-0.057975
0.152418
-0.000218
0.125212
0.043130
0.015940
-0.062848
-0.019033
-0.043731
-0.012987
-0.121972
-0.046603
-0.034540
-0.002619
0.048079
0.085558
-0.059430
0.020082
0.056101
0.039635
-0.010989
0.131251
0.002247
0.075693
-0.051793
0.060333
0.097065
-0.017527
0.091695
0.104263
-0.084343
0.023534
0.100971
-0.021496
0.050440
0.084307
0.012351
-0.007141
0.055136
-0.040064
-0.015780
-0.014467
0.003271
0.014451
0.085540
-0.139821
-0.025074
-0.057158
0.025189
-0.065645
-0.041806
-0.013330
0.030038
0.038589
-0.034346
0.056467
0.003596
0.114319
0.042033
0.046844
-0.025033
0.206788
-0.028680
0.119419
0.089273
-0.057335
0.058304
0.108283
-0.077758
0.035690
-0.015435
-0.035675
-0.110720
0.004040
0.028849
-0.078150
-0.030076
0.021611
-0.052713
-0.033220
-0.066807
-0.011842
-0.057127
0.042367
0.118923
0.038776
-0.008462
0.076693
-0.070935
-0.081539
0.012419
-0.148868
0.058577
0.004193
-0.000209
-0.003498
0.150400
-0.111522
0.014168
-0.026564
0.048122
-0.006670
-0.046041
0.027391
0.016834
0.103171
-0.013434
0.129603
-0.030979
0.019393
-0.141743
0.041504
0.101898
-0.051217
0.008655
0.215666
-0.048479
-0.050242
-0.155558
0.082762
-0.165508
0.089605
0.045564
0.033373
0.092123
-0.111895
-0.079484
-0.097742
0.011181
-0.042805
-0.149076
0.051949
-0.042522
0.036929
-0.063503
0.011028
0.122322
-0.011455
-0.047890
-0.032958
-0.005949
0.026492
0.002519
-0.061746
-0.025633
0.113456
0.093078
-0.064843
-0.008842
0.054788
0.028571
0.027409
-0.125133
0.088337
-0.050743
-0.047496
0.050954
0.043036
0.031503
0.115337
-0.079670
-0.093566
0.045502
0.045267
-0.016024
0.032686
-0.062682
0.032183
-0.009792
0.097036
-0.026908
-0.049220
0.063514
0.022078
-0.050564
0.065953
-0.054341
0.015451
-0.015280
-0.070256
0.080058
0.077437
-0.050614
-0.047239
0.008305
0.031840
-0.069934
-0.059553
-0.023588
-0.005692
-0.032179
0.012868
0.068519
0.097688
-0.060735
-0.042557
0.085054
0.021490
-0.035511
-0.015473
0.124537
-0.086914
-0.106195
0.031311
0.004573
0.109847
-0.001168
0.024443
-0.015024
0.030520
-0.057225
-0.015464
-0.192777
0.021758
-0.019904
-0.011133
-0.046112
0.058164
-0.084402
0.057206
0.017140
0.041506
0.042157
-0.092104
-0.094771
-0.006058
-0.038339
-0.072050
0.072237
-0.057181
0.020262
-0.138038
-0.006882
0.093135
-0.029078
0.125455
-0.003924
-0.002753
0.097276
0.065386
0.057451
0.006648
0.079542
0.022670
0.058016
0.007508
0.100223
-0.027269
-0.004063
-0.058617
0.001790
0.085322
0.016355
-0.014488
0.132935
-0.044041
-0.043168
0.006151
0.103891
-0.046391
-0.038816
-0.057698
0.050038
0.066062
0.102430
0.029641
-0.007748
-0.118904
0.133585
0.119285
0.106409
0.083770
-0.030325
0.111476
-0.062034
0.065764
0.014489
0.038701
-0.028075
-0.009533
0.109745
-0.145387
-0.038642
-0.069342
0.005548
-0.012798
-0.043860
-0.121733
-0.013268
-0.034999
-0.028676
-0.150552
0.165945
-0.019331
0.056569
-0.171027
0.022325
0.012471
-0.031483
-0.135997
0.001002
0.133949
0.023205
-0.089272
-0.133155
-0.043156
0.115536
-0.055045
-0.021750
-0.009051
0.046304
-0.032503
0.093804
-0.013122
0.015134
-0.110352
-0.011951
0.018969
0.001574
0.067917
0.064502
0.146908
0.002814
-0.000646
-0.010872
0.052739
-0.017746
-0.032959
-0.001031
0.054109
-0.003512
0.001580
0.063555
0.002737
0.076929
-0.097370
0.137428
0.110375
0.031838
0.112801
0.030063
0.103457
-0.061845
0.073386
-0.043131
0.076390
0.066287
-0.093907
-0.068255
0.116322
0.043075
-0.074252
-0.051886
0.055485
0.017147
-0.015780
-0.082895
0.008504
0.012877
-0.018856
-0.101792
0.022044
0.062099
-0.109981
0.010449
0.079932
-0.013504
-0.078611
-0.028550
-0.004217
-0.100688
-0.055036
0.066821
0.079490
0.009216
-0.192720
0.001275
-0.049318
0.002353
0.041649
-0.057362
0.103902
0.028552
0.031440
0.138438
-0.030351
-0.023130
-0.075984
-0.045864
-0.187840
-0.045168
0.017834
0.006056
0.125728
0.019971
-0.029043
-0.099032
0.035993
-0.100927
0.026444
-0.137998
0.050029
-0.050021
0.113240
0.083145
-0.066975
0.023243
-0.027754
-0.042741
-0.010075
-0.038931
0.014289
-0.005598
0.066978
-0.066649
0.042463
0.106179
-0.016673
-0.059011
0.052892
0.051542
-0.106830
0.071520
0.077386
0.098337
-0.023830
-0.060882
-0.132748
0.001018
0.019016
-0.041066
0.083501
-0.035568
-0.126857
0.121822
0.052840
-0.084766
0.097416
-0.066116
0.026542
0.003140
-0.088167
0.102231
-0.067643
-0.014564
-0.066313
-0.122752
0.102983
-0.017784
0.033381
-0.093854
-0.087382
-0.113163
0.068715
-0.118057
0.017128
0.044727
0.021953
-0.032509
0.122267
0.105753
0.111540
-0.015149
0.073656
-0.000024
-0.065772
-0.068563
0.121909
-0.015090
-0.063637
0.025573
-0.028169
-0.003019
0.007713
-0.074428
0.044892
0.044636
0.097637
0.076293
-0.016999
-0.032335
0.041393
0.044106
0.016833
0.048833
0.089148
-0.088010
0.071157
-0.076937
0.021928
-0.053098
0.057890
-0.099530
0.125430
-0.023216
0.028453
-0.005790
0.067787
0.085001
-0.114355
0.035533
-0.007517
-0.048906
0.062664
-0.088532
0.144929
0.011154
0.043458
-0.039632
-0.025180
0.033582
0.061581
-0.038985
0.057449
0.044765
0.028423
0.047351
-0.023417
-0.086114
0.101047
-0.091197
-0.134037
0.122270
0.115633
-0.012604
0.018566
-0.032299
0.024162
0.028440
-0.164891
-0.161995
0.017111
-0.091089
-0.015218
0.044083
0.061059
-0.008008
-0.063516
-0.008649
-0.062562
-0.110281
-0.034161
0.052615
-0.038761
-0.016365
-0.005996
-0.082763
0.153978
-0.041650
-0.053647
0.044800
0.017449
-0.050894
0.132565
-0.053172
-0.023642
0.077796
-0.018957
-0.008077
0.037893
-0.035228
0.042471
0.051153
0.079003
0.148759
0.067638
-0.037879
0.120437
-0.119610
0.056727
-0.011449
0.027402
-0.070898
-0.025593
0.035833
0.213878
-0.108275
0.056994
0.025143
-0.026945
-0.061286
0.097831
0.098107
0.068303
0.037840
0.035163
-0.097863
-0.036403
-0.045966
-0.089045
0.086356
-0.098963
0.025664
0.138863
0.049557
-0.169719
0.102449
-0.055006
-0.004478
0.095960
0.023392
-0.025472
-0.020870
0.087941
-0.062112
-0.019647
0.109106
0.029610
-0.046320
0.071548
0.041448
0.011218
-0.127325
-0.147245
0.001739
-0.130752
0.041159
0.034750
0.067935
0.005941
0.096202
0.092454
0.008464
-0.010986
-0.034223
0.154532
-0.000411
-0.003837
0.082432
0.041395
0.130815
-0.087485
-0.133545
0.041683
-0.069251
-0.034098
0.103571
-0.048975
0.058912
-0.046570
-0.099732
-0.091980
-0.021032
-0.040097
0.079584
0.001801
0.182826
-0.051011
0.086530
-0.043601
0.078294
0.085186
-0.018882
0.013882
-0.022818
-0.018749
-0.049098
-0.025395
0.162959
0.129737
0.074354
0.024053
0.105645
-0.030317
-0.121614
0.054562
-0.012862
-0.116616
-0.023608
-0.102831
0.107224
-0.059650
0.008843
-0.062120
-0.027633
0.011771
-0.079809
0.040228
0.023493
0.073815
-0.120589
-0.195392
0.013119
0.016158
-0.027593
0.063521
0.019275
-0.046927
0.095679
-0.059811
0.054648
0.057322
0.031553
0.042376
0.023415
-0.079581
-0.117513
0.052519
0.090928
0.106722
-0.072754
-0.091481
-0.005469
0.060788
-0.053836
-0.022367
0.019740
-0.015008
0.017215
0.079023
-0.136043
0.055808
-0.127904
-0.051701
0.041376
-0.117747
0.058432
-0.003804
0.068104
0.033760
-0.148703
-0.084362
-0.050165
0.106155
0.070864
0.039485
0.009950
0.025671
0.136350
-0.101726
-0.019319
-0.058643
0.009555
0.109686
0.034338
-0.006914
-0.037740
-0.021639
-0.072998
-0.110316
-0.050417
-0.039612
0.064219
-0.077052
-0.000597
-0.117072
-0.019440
0.081253
-0.081277
-0.077645
0.084439
-0.029552
0.072647
-0.010145
0.197085
0.061391
-0.010894
0.050935
-0.018830
-0.047732
0.074782
-0.009981
0.146804
-0.002072
-0.150229
-0.031012
0.034287
-0.027608
-0.099883
0.001598
0.061273
-0.011643
-0.018864
0.040365
-0.002236
0.015131
-0.105069
0.046695
0.003498
0.052811
-0.031174
0.043690
-0.038132
-0.002240
-0.119943
0.046583
-0.052302
-0.024034
-0.062506
-0.050251
-0.138545
-0.114848
-0.068942
-0.037257
-0.115459
-0.004690
-0.016331
-0.052006
-0.061952
0.088108
-0.066600
0.054635
0.006708
0.115897
-0.047136
0.006380
0.012534
-0.168900
0.015186
0.127829
0.020961
0.011061
0.111319
0.070880
-0.122920
0.053969
-0.113420
0.132536
-0.005403
-0.026659
0.056046
-0.086829
-0.031336
0.033707
0.011941
0.005113
0.047788
-0.081216
-0.004481
-0.009797
-0.044250
0.047794
-0.050928
0.052256
-0.019652
0.207179
-0.036132
0.052573
0.031389
0.119058
0.114036
-0.063356
0.010212
0.141414
0.018979
-0.108716
0.006640
0.138123
-0.015853
-0.136693
0.070202
-0.004858
0.046441
-0.131685
-0.044744
-0.059394
-0.029288
-0.104967
-0.133860
-0.068600
0.150362
0.008826
-0.014333
0.115756
0.053029
0.150707
-0.047374
0.023021
-0.002164
0.059620
-0.019071
0.044666
-0.005201
0.065138
-0.071831
-0.043087
-0.005979
-0.028863
0.016076
-0.034228
0.012601
0.072983
-0.002521
-0.040182
-0.037582
0.002532
-0.002400
-0.049457
-0.091304
0.057099
0.005639
-0.002033
-0.045808
-0.046602
0.042644
-0.048259
0.130538
0.018826
0.096196
0.000404
0.030300
-0.113449
0.035835
-0.133791
0.033053
0.002869
-0.020607
-0.028810
-0.031407
-0.041531
-0.015190
-0.059622
-0.070212
0.087337
-0.192106
0.017096
0.002273
0.022696
0.090559
0.031926
-0.108077
-0.024724
-0.025347
-0.013322
0.075572
0.051463
-0.013888
-0.043155
0.055092
0.036485
0.111801
0.043639
-0.056395
0.074391
0.005938
-0.018653
0.160972
-0.088459
0.105382
0.023754
0.001207
-0.038828
0.043740
-0.065050
-0.013640
0.025303
0.034026
-0.013533
-0.026792
-0.071959
-0.044159
0.023116
0.067716
-0.004979
-0.041634
0.062402
0.005888
-0.001213
-0.002572
-0.040540
0.066789
-0.015836
0.085414
0.002027
0.065128
-0.010931
-0.110660
-0.030301
-0.158998
0.075577
0.092565
-0.091239
-0.022576
0.005850
-0.029976
0.135410
-0.011807
0.051811
-0.077268
0.034106
0.005213
0.068847
0.049780
0.094717
-0.029958
0.050109
-0.050099
-0.048589
-0.012737
0.069288
0.102978
-0.065358
0.012084
-0.057924
0.123465
-0.047157
-0.046453
0.144963
0.065794
0.180438
0.098449
0.051056
-0.029422
-0.103865
-0.040053
-0.061867
0.082413
-0.108100
-0.132278
-0.066134
-0.184454
-0.009974
0.018250
-0.049216
-0.008453
0.015047
0.080190
0.051940
0.054492
-0.018789
0.016023
-0.041761
-0.041106
-0.072236
-0.040917
-0.008896
-0.037304
-0.162089
0.033782
-0.021971
0.134074
0.137000
0.141898
-0.069393
-0.051404
0.005919
0.225115
0.042985
0.007707
0.031694
-0.003588
0.075439
0.000275
-0.013417
-0.008727
0.069267
-0.011572
-0.013333
0.069730
-0.012693
0.055127
0.057843
0.014440
0.003474
-0.002744
-0.040017
0.103569
0.066109
0.002999
0.137066
0.100100
-0.017986
-0.110339
-0.053973
-0.094071
-0.038010
0.030307
-0.031948
-0.044896
0.016025
0.087214
0.006482
-0.068433
0.146251
-0.191977
-0.005068
0.028550
-0.065469
-0.014083
0.136745
-0.157009
-0.045154
-0.047435
0.064779
0.109244
0.121046
-0.082403
0.004979
0.023325
-0.059253
-0.016232
-0.062078
0.051521
-0.087135
0.042957
-0.042113
-0.044944
0.055349
0.007763
0.003441
-0.005106
0.039412
-0.019156
0.057891
-0.055966
-0.103086
0.161366
0.001542
0.166287
-0.024335
0.024430
-0.124736
0.031599
0.078601
-0.070029
-0.041564
-0.045875
-0.090060
-0.120969
-0.029569
-0.090035
0.113983
-0.119140
0.097057
-0.095069
-0.096657
-0.092239
-0.027262
-0.042945
0.007065
-0.001311
-0.075196
0.081915
-0.026630
-0.030213
0.070237
-0.057803
-0.017323
0.018517
0.057850
0.024291
0.005498
0.038826
-0.008532
0.000506
-0.051662
-0.068567
-0.025197
-0.010338
0.167144
-0.063717
-0.023705
-0.081436
0.033144
0.006895
-0.034121
-0.050387
0.056639
-0.039602
-0.066564
-0.084542
0.073349
-0.057996
0.048947
0.024759
-0.026469
0.073811
0.069019
-0.097230
0.095016
-0.070999
-0.025750
0.063425
0.129618
0.054258
-0.002872
0.093601
-0.031277
0.018365
-0.055516
-0.028405
-0.062594
-0.061140
0.025724
0.060812
0.067659
0.098595
-0.007433
-0.036810
-0.090327
0.080198
0.118003
0.069684
-0.010489
0.084174
-0.200018
-0.082025
0.000203
0.027261
-0.115725
-0.059883
0.084408
-0.054199
0.012994
0.017360
-0.003136
0.042174
0.089662
0.019284
-0.154956
-0.005476
-0.081708
0.011825
-0.036069
0.011966
-0.094560
0.093901
-0.058506
0.080958
0.048728
0.011181
0.012892
-0.039904
0.059180
-0.132246
-0.115219
-0.089637
0.043709
0.059006
0.020073
-0.008051
-0.032997
-0.000214
-0.089572
0.016755
-0.070897
0.030797
0.179727
-0.065962
-0.006578
0.023715
0.062214
-0.059286
-0.127560
-0.012855
-0.131925
-0.011388
-0.039350
0.055002
-0.047359
-0.026255
0.028470
-0.007073
0.002639
-0.058752
-0.139497
0.127794
-0.128121
-0.027676
-0.010899
0.042035
-0.008850
-0.041959
-0.042508
-0.075142
-0.057690
0.009761
0.055685
-0.054860
0.006730
0.128341
-0.213226
0.019158
0.022523
-0.066666
0.100669
-0.106689
0.066773
0.050512
-0.066854
0.067179
-0.001737
-0.132805
-0.092507
-0.039528
-0.132568
-0.103409
-0.006250
-0.006082
-0.020621
0.105212
0.012261
0.079568
-0.026299
-0.092928
0.007581
-0.153760
-0.186077
-0.075537
0.016192
0.053639
0.028952
0.068881
-0.056481
-0.023058
-0.009395
0.020249
-0.061988
0.025594
0.015006
-0.059599
-0.038963
0.135913
-0.023601
-0.017592
0.005029
0.026723
-0.037038
0.028743
0.047914
0.066527
0.091031
-0.023206
-0.071349
-0.062641
-0.032485
0.064529
0.040715
0.166204
-0.002313
-0.137091
-0.101583
-0.112598
-0.101128
-0.037676
-0.105215
-0.137425
0.005878
0.049091
0.035206
-0.050579
0.000483
0.134289
0.046978
-0.006621
0.046006
-0.018516
-0.001557
0.068537
0.026633
0.003035
-0.055074
-0.043192
-0.013871
-0.048469
-0.122384
-0.024779
0.185960
0.061605
-0.033167
-0.025247
-0.128166
0.068283
0.026777
0.062250
0.139951
0.025543
-0.036823
0.057245
-0.161056
-0.049531
-0.081864
-0.047285
0.059759
0.058181
0.031617
0.035879
0.144661
-0.106178
-0.016779
0.025467
-0.023463
0.026748
-0.154646
0.149096
0.199665
0.038893
-0.060150
-0.032526
0.039429
0.041917
-0.014427
-0.005398
0.010269
0.035516
-0.054646
-0.025431
-0.037086
0.075270
-0.021745
0.066880
0.028865
-0.103430
-0.043970
-0.044609
0.085764
-0.071070
-0.147761
0.012735
-0.079512
0.015056
-0.077579
-0.054838
-0.006730
-0.035422
-0.067535
0.019323
0.026471
-0.057345
0.037664
-0.014527
0.027238
-0.021832
-0.013623
0.033831
-0.000458
0.013276
0.025311
-0.027618
0.035144
0.160308
-0.045459
-0.140734
-0.021265
-0.057885
-0.002516
0.016547
-0.084527
-0.056684
-0.112756
0.018076
0.041579
-0.027879
0.065384
-0.013532
-0.074903
0.006277
-0.111707
0.108023
0.014704
-0.014129
-0.002872
-0.163868
-0.011842
0.087752
-0.019466
0.053960
-0.039542
-0.006772
0.036727
-0.043034
0.058446
-0.036084
-0.069682
-0.073531
-0.074606
0.035676
-0.172509
0.152943
-0.084307
-0.037901
-0.213642
0.178963
-0.064234
0.070641
0.062473
-0.175757
0.004976
0.021560
0.002638
0.030186
-0.080443
-0.086444
-0.057180
0.042623
0.012370
-0.095337
0.013746
-0.025860
-0.060363
0.056478
-0.053955
-0.056948
0.019786
0.037186
-0.033213
-0.057320
-0.008741
-0.031193
-0.063711
-0.023236
0.061302
-0.133087
-0.110618
-0.039139
-0.108912
0.027033
-0.055005
-0.019757
-0.050408
-0.014853
-0.035168
0.076105
0.061952
-0.080544
-0.113001
-0.044028
0.037031
0.005980
0.077946
-0.053463
-0.086868
0.034471
-0.012663
0.096925
0.000855
0.013874
-0.141870
0.036410
0.095537
0.077908
0.087328
-0.096922
-0.013986
0.020435
0.046922
-0.141704
0.107353
-0.073803
-0.021540
0.107251
-0.096355
0.036805
0.020524
-0.092182
0.008975
0.009921
0.049782
-0.016563
0.018254
-0.067618
0.024682
-0.058150
0.079467
0.116035
-0.047440
-0.108336
-0.000636
-0.008014
-0.113098
-0.014978
0.112925
-0.054818
0.011463
0.139525
0.000633
-0.043312
0.014845
-0.059240
-0.099654
-0.003681
0.044565
0.023614
0.020674
0.010105
0.031453
-0.128000
-0.029515
-0.003487
-0.084241
0.034969
0.172630
-0.120157
-0.058643
-0.013776
-0.049393
0.032233
-0.049443
0.049216
-0.028695
0.034444
-0.086554
0.063151
-0.150579
0.081380
0.008739
-0.150461
0.065767
-0.190490
0.083190
0.069289
-0.028022
-0.069155
0.166283
-0.047091
0.035029
-0.012201
-0.044659
-0.232275
-0.051452
-0.026444
-0.017257
-0.119398
-0.016022
0.063903
0.071291
-0.024277
0.123689
0.018897
0.038685
0.065592
-0.125343
-0.087703
0.052879
-0.020769
0.025949
0.132887
-0.094150
-0.021467
-0.023078
0.041765
-0.126649
0.001571
0.051376
-0.019607
-0.055583
0.179269
0.041679
0.090548
-0.012180
0.003731
0.025369
-0.093897
0.068167
-0.025132
0.126085
0.007101
0.082669
0.085891
-0.013594
0.005715
-0.045095
-0.085953
-0.008101
-0.129908
0.034383
-0.101485
0.017027
-0.030542
0.041271
0.007430
-0.034015
0.102361
0.009884
-0.021798
-0.051456
-0.003194
0.059513
-0.112492
0.121643
-0.011379
0.026321
-0.030376
-0.079664
0.032342
-0.081500
-0.022087
0.009320
-0.020393
-0.073016
-0.041387
0.026267
-0.057880
-0.147157
-0.122451
-0.024672
-0.025323
-0.050977
0.076390
0.121641
0.088712
0.068939
-0.027652
-0.039955
-0.010463
-0.006433
0.088341
-0.023188
-0.112169
0.100970
-0.046533
-0.074366
-0.003901
-0.063974
0.008594
0.019722
0.068179
-0.005091
-0.105137
-0.041770
0.055227
0.084711
0.015406
0.003255
-0.027240
0.033951
0.020010
-0.026379
0.008343
-0.051209
0.104294
0.050968
0.020139
-0.051463
-0.022143
-0.005919
-0.088051
0.010241
-0.031111
0.064509
0.012100
0.025503
0.116411
0.053725
0.061104
-0.077584
-0.061441
-0.095938
0.013783
0.011178
-0.024390
0.106915
0.026753
0.018102
-0.003899
0.116821
-0.007212
0.056901
0.104272
-0.072510
-0.043489
0.023145
-0.096869
0.067319
-0.015185
-0.010963
-0.027111
-0.057943
-0.025987
0.030118
0.011765
-0.047515
0.111373
0.012053
0.087806
0.017380
0.006955
-0.038069
0.150353
0.034808
-0.000423
0.000228
0.015985
0.041060
0.089702
0.027326
0.045442
0.110363
-0.120602
-0.005455
0.033126
0.022996
0.045116
0.057975
0.021741
0.153347
0.030079
-0.074552
-0.081182
-0.003314
0.125281
0.003968
-0.127924
-0.037181
0.170543
-0.022347
-0.030967
0.066751
0.112614
-0.054749
0.020676
-0.148155
0.034159
-0.042132
0.129949
-0.059305
-0.025033
0.010964
-0.007209
-0.045251
0.067141
-0.073303
0.025066
0.132206
-0.024681
-0.085525
0.000858
-0.144515
-0.052641
-0.082019
0.122652
-0.005934
-0.047662
0.079386
0.040547
-0.074809
-0.065033
-0.028055
-0.015373
0.073469
0.005165
-0.059199
0.044573
-0.130665
-0.052648
-0.019346
-0.078229
0.001904
0.008210
0.089253
-0.026838
-0.062142
0.049358
-0.003486
0.064474
-0.039919
-0.118163
0.094673
-0.122270
-0.000904
-0.173831
-0.000567
0.023191
-0.103616
-0.019007
-0.030417
-0.125686
0.023474
-0.030169
-0.084923
-0.050817
-0.091035
-0.027492
-0.141054
0.008930
0.012621
0.005417
0.005344
0.020355
0.010348
0.038258
0.048923
0.074356
-0.011371
-0.075512
0.152715
0.058770
-0.089811
-0.048612
0.006465
-0.096035
0.089070
0.059840
0.023566
-0.025922
0.001707
-0.054875
0.050630
0.002810
-0.047643
-0.035284
0.020461
0.065495
0.034503
-0.008419
-0.061864
0.010593
0.038249
0.068266
0.009546
-0.131112
0.002175
0.001459
-0.108780
0.050157
0.097550
-0.078019
-0.020407
-0.051708
0.008387
-0.016661
0.085132
-0.009668
-0.031782
0.054349
-0.022121
0.006901
-0.133029
0.061073
-0.086512
-0.020878
-0.093156
0.123551
-0.012362
-0.067824
0.070172
0.029382
-0.048044
0.112250
-0.111323
0.063232
0.007531
-0.015774
-0.025311
0.051771
0.102586
0.033761
-0.025164
0.067887
-0.022785
0.032344
-0.024653
0.006744
0.090573
0.009951
0.134338
0.044050
-0.009522
-0.016811
-0.004586
-0.070328
-0.100442
0.168811
0.089124
0.000907
-0.130274
0.063940
-0.059599
-0.065780
-0.058525
0.105520
-0.022238
-0.052830
0.056623
-0.009702
0.042619
-0.036824
0.044050
0.152127
-0.113039
-0.086160
-0.075056
0.104282
0.017079
-0.054187
0.035257
0.071007
0.098821
0.047253
-0.088446
0.193233
0.011980
-0.003926
-0.011844
0.083058
0.017134
-0.020976
0.056598
0.026991
-0.074202
0.047756
0.074691
0.040250
0.023812
-0.060381
-0.058555
0.020273
-0.030039
0.116005
-0.002029
-0.027811
-0.037638
0.048261
-0.054477
0.105197
0.115831
-0.083657
0.008908
-0.013758
-0.098429
-0.012694
-0.049571
0.036249
-0.058740
-0.053436
0.018680
0.025337
0.028928
0.031946
-0.111767
0.130403
-0.017507
0.036980
-0.106773
-0.004835
0.002915
0.061646
0.006383
0.003221
-0.034837
-0.079206
-0.011304
-0.055279
-0.011524
0.091881
-0.016014
0.190787
0.074258
0.185343
0.019056
-0.060892
0.115587
-0.100612
-0.054371
-0.018721
0.156277
0.005401
-0.058161
-0.156248
0.074455
0.107723
0.011052
-0.027897
-0.083381
-0.075854
0.053204
-0.038163
-0.024170
0.048442
0.015141
0.026703
-0.038581
-0.088815
0.058168
0.052954
0.144870
-0.027023
-0.055022
-0.010560
0.038252
0.055968
-0.055317
0.020681
-0.038624
0.002853
-0.034439
-0.039649
0.043745
-0.003878
0.009840
-0.006051
0.075948
0.041193
0.191451
-0.015528
-0.053380
0.034831
-0.041203
-0.012036
-0.028039
0.069275
-0.016913
-0.112461
0.096158
-0.102164
0.001008
0.041330
-0.016255
-0.003638
0.009462
-0.029517
-0.037572
-0.025761
0.024475
0.093537
-0.014558
-0.084275
-0.063072
0.042087
0.070474
-0.082587
0.008410
-0.073475
-0.000233
-0.023660
0.065299
0.089411
-0.043096
0.045405
-0.066413
-0.028282
0.049098
-0.014861
-0.068517
-0.002163
-0.008638
-0.030616
-0.024181
-0.109688
-0.067549
0.039998
-0.008702
-0.061112
0.001788
-0.044467
0.051774
-0.057167
-0.024031
0.018421
0.074284
-0.011376
-0.001181
-0.012443
-0.004488
-0.017843
-0.069026
-0.034890
0.018106
0.030120
0.087755
-0.047292
-0.101851
0.036977
0.007126
0.017367
0.045139
-0.015953
0.018040
0.064830
0.009934
-0.070290
-0.063310
-0.045428
0.009435
-0.080690
-0.024960
0.027621
-0.093622
-0.048687
0.079280
-0.031025
-0.037664
0.109512
0.032312
-0.092211
-0.000324
0.006379
0.051656
-0.076796
0.066763
-0.030448
0.082686
0.076093
0.127872
0.143240
-0.069991
-0.023693
0.003433
0.018624
-0.026414
-0.069292
0.040158
0.065697
0.045097
-0.157949
0.011555
0.038005
-0.011915
-0.096221
0.050268
0.040933
0.072294
-0.130355
-0.166855
-0.058936
0.026742
0.008637
-0.091219
-0.033833
0.046501
-0.082556
0.111380
0.011508
-0.088592
0.039809
0.097572
-0.056716
-0.000307
-0.013953
0.006376
0.111055
0.130115
0.018577
-0.109603
0.016772
0.161604
-0.064023
0.051105
0.069002
0.078687
0.068084
-0.131622
0.028556
-0.038001
0.083830
0.064220
-0.045862
0.106882
0.012462
0.041393
0.019955
0.046067
-0.111916
-0.037123
0.065591
-0.014735
-0.030828
0.048430
-0.023108
-0.017901
-0.112059
-0.084337
-0.084433
0.030308
0.021395
